/* synthetic two-phase test */
# 2theta intensity error
5.0000 47.650 6.903
5.0200 48.250 6.946
5.0400 47.109 6.864
5.0600 45.880 6.774
5.0800 46.757 6.838
5.1000 45.687 6.759
5.1200 47.795 6.913
5.1400 50.360 7.096
5.1600 46.699 6.834
5.1800 46.447 6.815
5.2000 48.672 6.977
5.2200 48.411 6.958
5.2400 47.912 6.922
5.2600 45.844 6.771
5.2800 47.651 6.903
5.3000 49.104 7.007
5.3200 45.029 6.710
5.3400 46.807 6.842
5.3600 43.924 6.627
5.3800 45.151 6.719
5.4000 44.051 6.637
5.4200 47.268 6.875
5.4400 45.207 6.724
5.4600 48.289 6.949
5.4800 48.063 6.933
5.5000 47.380 6.883
5.5200 42.724 6.536
5.5400 46.684 6.833
5.5600 47.668 6.904
5.5800 47.996 6.928
5.6000 44.713 6.687
5.6200 46.821 6.843
5.6400 45.823 6.769
5.6600 46.166 6.795
5.6800 49.909 7.065
5.7000 46.176 6.795
5.7200 47.730 6.909
5.7400 49.567 7.040
5.7600 46.635 6.829
5.7800 47.582 6.898
5.8000 48.030 6.930
5.8200 47.940 6.924
5.8400 45.365 6.735
5.8600 47.971 6.926
5.8800 50.540 7.109
5.9000 44.731 6.688
5.9200 49.548 7.039
5.9400 48.071 6.933
5.9600 46.552 6.823
5.9800 51.839 7.200
6.0000 49.366 7.026
6.0200 45.446 6.741
6.0400 47.997 6.928
6.0600 49.004 7.000
6.0800 47.476 6.890
6.1000 49.223 7.016
6.1200 47.727 6.908
6.1400 49.197 7.014
6.1600 50.743 7.123
6.1800 46.517 6.820
6.2000 48.278 6.948
6.2200 46.948 6.852
6.2400 48.132 6.938
6.2600 45.505 6.746
6.2800 46.724 6.835
6.3000 47.493 6.892
6.3200 49.685 7.049
6.3400 50.181 7.084
6.3600 45.246 6.727
6.3800 46.306 6.805
6.4000 49.192 7.014
6.4200 43.916 6.627
6.4400 46.977 6.854
6.4600 47.711 6.907
6.4800 50.422 7.101
6.5000 49.289 7.021
6.5200 47.258 6.874
6.5400 47.178 6.869
6.5600 47.417 6.886
6.5800 50.967 7.139
6.6000 47.066 6.860
6.6200 47.317 6.879
6.6400 48.632 6.974
6.6600 47.687 6.906
6.6800 47.536 6.895
6.7000 45.705 6.761
6.7200 47.912 6.922
6.7400 47.050 6.859
6.7600 50.271 7.090
6.7800 49.247 7.018
6.8000 47.894 6.921
6.8200 49.281 7.020
6.8400 47.267 6.875
6.8600 50.052 7.075
6.8800 47.939 6.924
6.9000 49.119 7.008
6.9200 45.372 6.736
6.9400 48.649 6.975
6.9600 44.580 6.677
6.9800 43.888 6.625
7.0000 47.351 6.881
7.0200 46.162 6.794
7.0400 48.291 6.949
7.0600 52.454 7.243
7.0800 46.303 6.805
7.1000 46.720 6.835
7.1200 48.380 6.956
7.1400 48.956 6.997
7.1600 47.619 6.901
7.1800 47.561 6.896
7.2000 49.379 7.027
7.2200 49.016 7.001
7.2400 45.910 6.776
7.2600 47.820 6.915
7.2800 48.050 6.932
7.3000 45.871 6.773
7.3200 48.501 6.964
7.3400 46.267 6.802
7.3600 49.928 7.066
7.3800 48.370 6.955
7.4000 48.164 6.940
7.4200 46.804 6.841
7.4400 47.750 6.910
7.4600 43.993 6.633
7.4800 45.726 6.762
7.5000 48.716 6.980
7.5200 43.734 6.613
7.5400 49.685 7.049
7.5600 44.500 6.671
7.5800 49.506 7.036
7.6000 46.303 6.805
7.6200 49.552 7.039
7.6400 48.257 6.947
7.6600 44.922 6.702
7.6800 50.494 7.106
7.7000 50.880 7.133
7.7200 47.865 6.918
7.7400 47.449 6.888
7.7600 47.678 6.905
7.7800 46.048 6.786
7.8000 50.196 7.085
7.8200 46.913 6.849
7.8400 47.897 6.921
7.8600 46.413 6.813
7.8800 46.747 6.837
7.9000 45.444 6.741
7.9200 50.514 7.107
7.9400 47.692 6.906
7.9600 49.932 7.066
7.9800 48.027 6.930
8.0000 46.611 6.827
8.0200 47.347 6.881
8.0400 46.879 6.847
8.0600 48.016 6.929
8.0800 47.249 6.874
8.1000 47.400 6.885
8.1200 45.242 6.726
8.1400 46.386 6.811
8.1600 51.307 7.163
8.1800 46.656 6.831
8.2000 45.890 6.774
8.2200 48.673 6.977
8.2400 50.812 7.128
8.2600 45.089 6.715
8.2800 47.580 6.898
8.3000 46.732 6.836
8.3200 44.474 6.669
8.3400 49.465 7.033
8.3600 47.948 6.924
8.3800 48.137 6.938
8.4000 46.489 6.818
8.4200 48.903 6.993
8.4400 46.914 6.849
8.4600 47.706 6.907
8.4800 45.774 6.766
8.5000 45.558 6.750
8.5200 50.660 7.118
8.5400 46.974 6.854
8.5600 48.571 6.969
8.5800 47.919 6.922
8.6000 47.103 6.863
8.6200 46.969 6.853
8.6400 49.244 7.017
8.6600 47.379 6.883
8.6800 47.679 6.905
8.7000 48.025 6.930
8.7200 50.332 7.095
8.7400 49.339 7.024
8.7600 48.742 6.982
8.7800 46.849 6.845
8.8000 45.211 6.724
8.8200 49.872 7.062
8.8400 49.905 7.064
8.8600 47.689 6.906
8.8800 49.053 7.004
8.9000 49.531 7.038
8.9200 49.629 7.045
8.9400 49.808 7.057
8.9600 47.052 6.859
8.9800 50.992 7.141
9.0000 45.467 6.743
9.0200 49.682 7.049
9.0400 48.945 6.996
9.0600 49.702 7.050
9.0800 51.711 7.191
9.1000 50.921 7.136
9.1200 45.660 6.757
9.1400 44.571 6.676
9.1600 49.580 7.041
9.1800 45.914 6.776
9.2000 47.918 6.922
9.2200 49.620 7.044
9.2400 44.651 6.682
9.2600 43.717 6.612
9.2800 48.453 6.961
9.3000 48.021 6.930
9.3200 47.439 6.888
9.3400 48.006 6.929
9.3600 46.205 6.797
9.3800 44.897 6.701
9.4000 47.589 6.898
9.4200 45.976 6.781
9.4400 44.631 6.681
9.4600 48.927 6.995
9.4800 47.790 6.913
9.5000 48.724 6.980
9.5200 45.930 6.777
9.5400 46.590 6.826
9.5600 45.905 6.775
9.5800 46.127 6.792
9.6000 48.289 6.949
9.6200 46.330 6.807
9.6400 48.605 6.972
9.6600 48.570 6.969
9.6800 51.938 7.207
9.7000 45.100 6.716
9.7200 49.658 7.047
9.7400 47.701 6.907
9.7600 47.849 6.917
9.7800 44.975 6.706
9.8000 46.951 6.852
9.8200 49.355 7.025
9.8400 47.701 6.907
9.8600 48.025 6.930
9.8800 47.278 6.876
9.9000 50.166 7.083
9.9200 47.811 6.915
9.9400 43.450 6.592
9.9600 46.464 6.816
9.9800 43.907 6.626
10.0000 41.339 6.430
10.0200 46.778 6.839
10.0400 50.502 7.107
10.0600 47.926 6.923
10.0800 45.484 6.744
10.1000 45.944 6.778
10.1200 50.083 7.077
10.1400 48.134 6.938
10.1600 47.912 6.922
10.1800 47.705 6.907
10.2000 47.886 6.920
10.2200 49.416 7.030
10.2400 48.907 6.993
10.2600 48.230 6.945
10.2800 45.709 6.761
10.3000 48.813 6.987
10.3200 46.419 6.813
10.3400 49.972 7.069
10.3600 45.238 6.726
10.3800 47.501 6.892
10.4000 47.758 6.911
10.4200 45.120 6.717
10.4400 51.209 7.156
10.4600 50.682 7.119
10.4800 46.831 6.843
10.5000 49.297 7.021
10.5200 48.507 6.965
10.5400 42.519 6.521
10.5600 48.243 6.946
10.5800 47.615 6.900
10.6000 47.901 6.921
10.6200 45.576 6.751
10.6400 47.187 6.869
10.6600 47.365 6.882
10.6800 50.094 7.078
10.7000 48.383 6.956
10.7200 47.698 6.906
10.7400 50.763 7.125
10.7600 46.591 6.826
10.7800 46.918 6.850
10.8000 44.059 6.638
10.8200 50.826 7.129
10.8400 49.612 7.044
10.8600 49.513 7.037
10.8800 49.013 7.001
10.9000 47.891 6.920
10.9200 48.097 6.935
10.9400 47.158 6.867
10.9600 47.250 6.874
10.9800 47.761 6.911
11.0000 50.672 7.118
11.0200 48.755 6.982
11.0400 47.522 6.894
11.0600 46.475 6.817
11.0800 46.359 6.809
11.1000 50.830 7.130
11.1200 48.633 6.974
11.1400 47.750 6.910
11.1600 46.918 6.850
11.1800 45.387 6.737
11.2000 47.467 6.890
11.2200 49.343 7.024
11.2400 46.806 6.841
11.2600 47.132 6.865
11.2800 47.139 6.866
11.3000 47.795 6.913
11.3200 44.385 6.662
11.3400 47.095 6.863
11.3600 45.852 6.771
11.3800 49.325 7.023
11.4000 46.010 6.783
11.4200 48.700 6.979
11.4400 50.589 7.113
11.4600 46.908 6.849
11.4800 46.327 6.806
11.5000 47.908 6.922
11.5200 47.515 6.893
11.5400 45.527 6.747
11.5600 48.431 6.959
11.5800 51.534 7.179
11.6000 46.982 6.854
11.6200 47.087 6.862
11.6400 45.397 6.738
11.6600 48.120 6.937
11.6800 44.982 6.707
11.7000 45.257 6.727
11.7200 50.025 7.073
11.7400 45.649 6.756
11.7600 49.617 7.044
11.7800 50.497 7.106
11.8000 47.961 6.925
11.8200 48.544 6.967
11.8400 51.336 7.165
11.8600 47.032 6.858
11.8800 46.234 6.800
11.9000 44.708 6.686
11.9200 47.492 6.891
11.9400 50.361 7.097
11.9600 49.316 7.023
11.9800 45.507 6.746
12.0000 45.674 6.758
12.0200 46.371 6.810
12.0400 47.958 6.925
12.0600 46.956 6.852
12.0800 47.790 6.913
12.1000 47.949 6.924
12.1200 46.751 6.838
12.1400 47.263 6.875
12.1600 47.750 6.910
12.1800 47.163 6.868
12.2000 48.332 6.952
12.2200 51.060 7.146
12.2400 48.496 6.964
12.2600 47.418 6.886
12.2800 43.928 6.628
12.3000 48.069 6.933
12.3200 43.394 6.587
12.3400 44.463 6.668
12.3600 48.984 6.999
12.3800 48.681 6.977
12.4000 46.962 6.853
12.4200 43.835 6.621
12.4400 46.506 6.820
12.4600 45.885 6.774
12.4800 48.510 6.965
12.5000 51.745 7.193
12.5200 47.657 6.903
12.5400 45.658 6.757
12.5600 44.869 6.698
12.5800 47.091 6.862
12.6000 46.843 6.844
12.6200 44.887 6.700
12.6400 47.416 6.886
12.6600 44.875 6.699
12.6800 49.394 7.028
12.7000 49.289 7.021
12.7200 49.326 7.023
12.7400 46.202 6.797
12.7600 48.172 6.941
12.7800 46.872 6.846
12.8000 46.352 6.808
12.8200 46.444 6.815
12.8400 44.516 6.672
12.8600 44.221 6.650
12.8800 48.691 6.978
12.9000 46.713 6.835
12.9200 47.521 6.894
12.9400 49.084 7.006
12.9600 43.608 6.604
12.9800 45.499 6.745
13.0000 47.411 6.886
13.0200 47.837 6.916
13.0400 46.292 6.804
13.0600 49.097 7.007
13.0800 47.452 6.889
13.1000 44.598 6.678
13.1200 45.156 6.720
13.1400 48.621 6.973
13.1600 47.930 6.923
13.1800 43.197 6.572
13.2000 49.684 7.049
13.2200 48.177 6.941
13.2400 49.660 7.047
13.2600 46.199 6.797
13.2800 46.368 6.809
13.3000 44.699 6.686
13.3200 52.018 7.212
13.3400 46.586 6.825
13.3600 50.105 7.078
13.3800 45.628 6.755
13.4000 47.242 6.873
13.4200 43.564 6.600
13.4400 46.134 6.792
13.4600 48.860 6.990
13.4800 44.381 6.662
13.5000 49.022 7.002
13.5200 47.544 6.895
13.5400 44.774 6.691
13.5600 45.851 6.771
13.5800 45.929 6.777
13.6000 46.740 6.837
13.6200 45.759 6.765
13.6400 45.169 6.721
13.6600 46.207 6.798
13.6800 44.754 6.690
13.7000 44.221 6.650
13.7200 46.696 6.833
13.7400 48.551 6.968
13.7600 43.718 6.612
13.7800 46.776 6.839
13.8000 45.462 6.743
13.8200 44.799 6.693
13.8400 48.453 6.961
13.8600 45.702 6.760
13.8800 49.727 7.052
13.9000 45.162 6.720
13.9200 47.487 6.891
13.9400 46.252 6.801
13.9600 45.190 6.722
13.9800 47.866 6.918
14.0000 46.372 6.810
14.0200 47.881 6.920
14.0400 46.572 6.824
14.0600 44.486 6.670
14.0800 46.446 6.815
14.1000 46.746 6.837
14.1200 48.551 6.968
14.1400 44.813 6.694
14.1600 46.539 6.822
14.1800 43.166 6.570
14.2000 47.904 6.921
14.2200 44.430 6.666
14.2400 42.972 6.555
14.2600 46.458 6.816
14.2800 48.780 6.984
14.3000 43.511 6.596
14.3200 44.376 6.662
14.3400 45.057 6.712
14.3600 44.276 6.654
14.3800 47.286 6.876
14.4000 44.904 6.701
14.4200 45.067 6.713
14.4400 47.668 6.904
14.4600 44.982 6.707
14.4800 47.351 6.881
14.5000 44.534 6.673
14.5200 44.044 6.637
14.5400 42.789 6.541
14.5600 50.174 7.083
14.5800 45.802 6.768
14.6000 46.922 6.850
14.6200 46.364 6.809
14.6400 46.737 6.836
14.6600 46.508 6.820
14.6800 50.217 7.086
14.7000 44.314 6.657
14.7200 43.268 6.578
14.7400 44.351 6.660
14.7600 43.696 6.610
14.7800 47.851 6.917
14.8000 47.989 6.927
14.8200 44.417 6.665
14.8400 43.550 6.599
14.8600 45.613 6.754
14.8800 49.096 7.007
14.9000 40.666 6.377
14.9200 47.350 6.881
14.9400 44.136 6.644
14.9600 48.360 6.954
14.9800 44.115 6.642
15.0000 45.691 6.759
15.0200 43.240 6.576
15.0400 44.290 6.655
15.0600 49.007 7.000
15.0800 47.868 6.919
15.1000 45.414 6.739
15.1200 44.468 6.668
15.1400 42.412 6.512
15.1600 45.404 6.738
15.1800 46.120 6.791
15.2000 46.005 6.783
15.2200 45.977 6.781
15.2400 43.912 6.627
15.2600 46.014 6.783
15.2800 46.060 6.787
15.3000 48.710 6.979
15.3200 49.853 7.061
15.3400 45.837 6.770
15.3600 44.569 6.676
15.3800 45.963 6.780
15.4000 44.869 6.698
15.4200 44.590 6.678
15.4400 45.949 6.779
15.4600 43.970 6.631
15.4800 47.260 6.875
15.5000 45.831 6.770
15.5200 46.530 6.821
15.5400 45.655 6.757
15.5600 44.557 6.675
15.5800 44.106 6.641
15.6000 45.519 6.747
15.6200 44.887 6.700
15.6400 46.443 6.815
15.6600 45.957 6.779
15.6800 43.232 6.575
15.7000 46.082 6.788
15.7200 43.253 6.577
15.7400 44.696 6.686
15.7600 45.331 6.733
15.7800 41.760 6.462
15.8000 46.085 6.789
15.8200 46.194 6.797
15.8400 45.567 6.750
15.8600 45.025 6.710
15.8800 45.118 6.717
15.9000 43.902 6.626
15.9200 45.307 6.731
15.9400 44.732 6.688
15.9600 46.011 6.783
15.9800 43.410 6.589
16.0000 46.280 6.803
16.0200 46.086 6.789
16.0400 45.507 6.746
16.0600 44.903 6.701
16.0800 46.877 6.847
16.1000 42.433 6.514
16.1200 46.674 6.832
16.1400 46.230 6.799
16.1600 46.301 6.805
16.1800 46.492 6.818
16.2000 44.409 6.664
16.2200 45.188 6.722
16.2400 46.971 6.854
16.2600 46.549 6.823
16.2800 46.092 6.789
16.3000 42.640 6.530
16.3200 46.735 6.836
16.3400 47.989 6.927
16.3600 47.660 6.904
16.3800 46.099 6.790
16.4000 42.506 6.520
16.4200 47.497 6.892
16.4400 45.308 6.731
16.4600 40.528 6.366
16.4800 46.338 6.807
16.5000 42.590 6.526
16.5200 42.972 6.555
16.5400 44.286 6.655
16.5600 48.091 6.935
16.5800 44.795 6.693
16.6000 46.069 6.787
16.6200 49.013 7.001
16.6400 48.696 6.978
16.6600 45.292 6.730
16.6800 45.006 6.709
16.7000 42.958 6.554
16.7200 44.081 6.639
16.7400 46.311 6.805
16.7600 46.242 6.800
16.7800 45.662 6.757
16.8000 47.421 6.886
16.8200 43.877 6.624
16.8400 45.300 6.731
16.8600 46.865 6.846
16.8800 46.562 6.824
16.9000 47.526 6.894
16.9200 46.168 6.795
16.9400 44.746 6.689
16.9600 46.079 6.788
16.9800 43.340 6.583
17.0000 42.057 6.485
17.0200 46.488 6.818
17.0400 45.206 6.724
17.0600 45.924 6.777
17.0800 41.902 6.473
17.1000 44.558 6.675
17.1200 44.078 6.639
17.1400 43.540 6.598
17.1600 40.749 6.383
17.1800 44.579 6.677
17.2000 47.034 6.858
17.2200 45.992 6.782
17.2400 44.018 6.635
17.2600 45.181 6.722
17.2800 46.715 6.835
17.3000 39.671 6.298
17.3200 44.933 6.703
17.3400 46.258 6.801
17.3600 46.527 6.821
17.3800 48.554 6.968
17.4000 47.413 6.886
17.4200 45.758 6.765
17.4400 45.728 6.762
17.4600 46.688 6.833
17.4800 44.026 6.635
17.5000 45.014 6.709
17.5200 46.897 6.848
17.5400 48.990 6.999
17.5600 44.747 6.689
17.5800 44.959 6.705
17.6000 45.443 6.741
17.6200 47.723 6.908
17.6400 44.966 6.706
17.6600 47.956 6.925
17.6800 43.074 6.563
17.7000 44.626 6.680
17.7200 44.592 6.678
17.7400 46.551 6.823
17.7600 47.059 6.860
17.7800 41.940 6.476
17.8000 43.119 6.567
17.8200 45.613 6.754
17.8400 43.612 6.604
17.8600 41.875 6.471
17.8800 46.987 6.855
17.9000 45.889 6.774
17.9200 45.877 6.773
17.9400 43.930 6.628
17.9600 46.930 6.851
17.9800 44.382 6.662
18.0000 47.045 6.859
18.0200 43.019 6.559
18.0400 43.125 6.567
18.0600 45.232 6.726
18.0800 43.409 6.589
18.1000 46.155 6.794
18.1200 45.314 6.732
18.1400 42.938 6.553
18.1600 44.920 6.702
18.1800 44.062 6.638
18.2000 46.587 6.825
18.2200 43.480 6.594
18.2400 43.857 6.622
18.2600 47.149 6.866
18.2800 49.194 7.014
18.3000 48.705 6.979
18.3200 44.823 6.695
18.3400 45.125 6.718
18.3600 47.745 6.910
18.3800 44.419 6.665
18.4000 42.706 6.535
18.4200 44.882 6.699
18.4400 45.542 6.748
18.4600 42.971 6.555
18.4800 41.327 6.429
18.5000 41.736 6.460
18.5200 45.931 6.777
18.5400 43.074 6.563
18.5600 44.298 6.656
18.5800 44.996 6.708
18.6000 45.800 6.768
18.6200 43.882 6.624
18.6400 45.540 6.748
18.6600 42.752 6.539
18.6800 43.799 6.618
18.7000 42.464 6.516
18.7200 46.767 6.839
18.7400 44.440 6.666
18.7600 43.006 6.558
18.7800 43.770 6.616
18.8000 44.021 6.635
18.8200 45.856 6.772
18.8400 41.254 6.423
18.8600 42.362 6.509
18.8800 43.670 6.608
18.9000 49.481 7.034
18.9200 46.318 6.806
18.9400 44.175 6.646
18.9600 45.812 6.768
18.9800 48.493 6.964
19.0000 43.901 6.626
19.0200 43.626 6.605
19.0400 46.773 6.839
19.0600 45.328 6.733
19.0800 45.673 6.758
19.1000 43.304 6.581
19.1200 48.159 6.940
19.1400 47.721 6.908
19.1600 45.424 6.740
19.1800 45.651 6.757
19.2000 40.218 6.342
19.2200 45.539 6.748
19.2400 43.865 6.623
19.2600 45.112 6.717
19.2800 45.599 6.753
19.3000 43.542 6.599
19.3200 40.834 6.390
19.3400 44.942 6.704
19.3600 42.713 6.536
19.3800 43.526 6.597
19.4000 42.968 6.555
19.4200 43.485 6.594
19.4400 39.539 6.288
19.4600 46.583 6.825
19.4800 44.646 6.682
19.5000 46.352 6.808
19.5200 48.080 6.934
19.5400 44.156 6.645
19.5600 40.496 6.364
19.5800 42.304 6.504
19.6000 41.668 6.455
19.6200 43.069 6.563
19.6400 44.223 6.650
19.6600 40.049 6.328
19.6800 44.729 6.688
19.7000 41.014 6.404
19.7200 44.620 6.680
19.7400 43.797 6.618
19.7600 43.379 6.586
19.7800 43.851 6.622
19.8000 42.908 6.550
19.8200 42.753 6.539
19.8400 40.603 6.372
19.8600 43.900 6.626
19.8800 47.641 6.902
19.9000 47.902 6.921
19.9200 46.575 6.825
19.9400 45.334 6.733
19.9600 42.560 6.524
19.9800 46.789 6.840
20.0000 43.782 6.617
20.0200 43.747 6.614
20.0400 43.293 6.580
20.0600 44.050 6.637
20.0800 42.986 6.556
20.1000 43.680 6.609
20.1200 41.669 6.455
20.1400 43.081 6.564
20.1600 48.381 6.956
20.1800 43.671 6.608
20.2000 43.324 6.582
20.2200 44.856 6.697
20.2400 45.199 6.723
20.2600 41.546 6.446
20.2800 43.350 6.584
20.3000 45.591 6.752
20.3200 44.285 6.655
20.3400 43.980 6.632
20.3600 46.835 6.844
20.3800 42.362 6.509
20.4000 43.874 6.624
20.4200 42.659 6.531
20.4400 46.671 6.832
20.4600 39.777 6.307
20.4800 42.332 6.506
20.5000 42.604 6.527
20.5200 44.981 6.707
20.5400 44.857 6.698
20.5600 46.426 6.814
20.5800 40.478 6.362
20.6000 45.118 6.717
20.6200 43.023 6.559
20.6400 42.280 6.502
20.6600 44.736 6.688
20.6800 42.047 6.484
20.7000 40.613 6.373
20.7200 46.790 6.840
20.7400 51.785 7.196
20.7600 69.314 8.325
20.7800 99.886 9.994
20.8000 141.501 11.895
20.8200 191.921 13.854
20.8400 227.732 15.091
20.8600 240.433 15.506
20.8800 226.601 15.053
20.9000 186.872 13.670
20.9200 138.387 11.764
20.9400 99.942 9.997
20.9600 69.231 8.321
20.9800 50.718 7.122
21.0000 48.799 6.986
21.0200 44.400 6.663
21.0400 44.439 6.666
21.0600 43.688 6.610
21.0800 44.677 6.684
21.1000 43.470 6.593
21.1200 45.856 6.772
21.1400 44.224 6.650
21.1600 44.149 6.645
21.1800 44.176 6.647
21.2000 40.434 6.359
21.2200 43.009 6.558
21.2400 42.811 6.543
21.2600 43.736 6.613
21.2800 40.595 6.371
21.3000 46.572 6.824
21.3200 43.504 6.596
21.3400 40.863 6.392
21.3600 39.859 6.313
21.3800 42.706 6.535
21.4000 43.080 6.564
21.4200 41.814 6.466
21.4400 43.426 6.590
21.4600 41.951 6.477
21.4800 44.328 6.658
21.5000 41.767 6.463
21.5200 43.130 6.567
21.5400 45.157 6.720
21.5600 48.334 6.952
21.5800 41.166 6.416
21.6000 42.244 6.500
21.6200 41.485 6.441
21.6400 44.724 6.688
21.6600 40.851 6.391
21.6800 42.170 6.494
21.7000 43.071 6.563
21.7200 41.164 6.416
21.7400 41.198 6.419
21.7600 42.153 6.493
21.7800 38.895 6.237
21.8000 40.196 6.340
21.8200 42.253 6.500
21.8400 43.367 6.585
21.8600 42.690 6.534
21.8800 39.505 6.285
21.9000 42.117 6.490
21.9200 44.633 6.681
21.9400 44.139 6.644
21.9600 42.862 6.547
21.9800 41.236 6.422
22.0000 44.265 6.653
22.0200 41.836 6.468
22.0400 40.647 6.376
22.0600 41.373 6.432
22.0800 45.866 6.772
22.1000 43.401 6.588
22.1200 45.271 6.728
22.1400 41.985 6.480
22.1600 44.812 6.694
22.1800 41.724 6.459
22.2000 42.604 6.527
22.2200 47.883 6.920
22.2400 44.437 6.666
22.2600 41.892 6.472
22.2800 42.716 6.536
22.3000 43.530 6.598
22.3200 45.290 6.730
22.3400 41.883 6.472
22.3600 39.370 6.275
22.3800 42.286 6.503
22.4000 42.867 6.547
22.4200 43.048 6.561
22.4400 45.454 6.742
22.4600 43.446 6.591
22.4800 44.430 6.666
22.5000 40.594 6.371
22.5200 44.524 6.673
22.5400 46.972 6.854
22.5600 44.318 6.657
22.5800 43.271 6.578
22.6000 43.064 6.562
22.6200 46.322 6.806
22.6400 40.885 6.394
22.6600 42.509 6.520
22.6800 43.644 6.606
22.7000 44.204 6.649
22.7200 41.833 6.468
22.7400 43.314 6.581
22.7600 42.136 6.491
22.7800 42.926 6.552
22.8000 42.419 6.513
22.8200 40.425 6.358
22.8400 42.802 6.542
22.8600 45.124 6.717
22.8800 43.091 6.564
22.9000 48.890 6.992
22.9200 60.198 7.759
22.9400 73.845 8.593
22.9600 101.388 10.069
22.9800 127.623 11.297
23.0000 155.640 12.476
23.0200 167.215 12.931
23.0400 157.400 12.546
23.0600 129.273 11.370
23.0800 102.457 10.122
23.1000 76.165 8.727
23.1200 58.995 7.681
23.1400 52.375 7.237
23.1600 42.278 6.502
23.1800 45.355 6.735
23.2000 42.606 6.527
23.2200 45.370 6.736
23.2400 42.887 6.549
23.2600 41.153 6.415
23.2800 43.044 6.561
23.3000 43.954 6.630
23.3200 42.546 6.523
23.3400 43.443 6.591
23.3600 41.416 6.436
23.3800 38.184 6.179
23.4000 44.244 6.652
23.4200 43.835 6.621
23.4400 42.725 6.536
23.4600 42.558 6.524
23.4800 44.487 6.670
23.5000 41.492 6.441
23.5200 40.986 6.402
23.5400 42.015 6.482
23.5600 44.762 6.690
23.5800 39.603 6.293
23.6000 44.753 6.690
23.6200 41.084 6.410
23.6400 40.153 6.337
23.6600 44.867 6.698
23.6800 42.146 6.492
23.7000 39.732 6.303
23.7200 41.608 6.450
23.7400 44.180 6.647
23.7600 44.695 6.685
23.7800 41.449 6.438
23.8000 43.109 6.566
23.8200 43.717 6.612
23.8400 40.992 6.403
23.8600 42.985 6.556
23.8800 42.203 6.496
23.9000 41.188 6.418
23.9200 41.269 6.424
23.9400 42.380 6.510
23.9600 42.298 6.504
23.9800 41.100 6.411
24.0000 41.372 6.432
24.0200 44.444 6.667
24.0400 42.638 6.530
24.0600 43.973 6.631
24.0800 44.600 6.678
24.1000 43.367 6.585
24.1200 46.724 6.835
24.1400 40.524 6.366
24.1600 43.785 6.617
24.1800 41.525 6.444
24.2000 45.865 6.772
24.2200 45.548 6.749
24.2400 38.231 6.183
24.2600 40.195 6.340
24.2800 43.455 6.592
24.3000 43.699 6.611
24.3200 43.585 6.602
24.3400 41.964 6.478
24.3600 43.009 6.558
24.3800 43.398 6.588
24.4000 41.929 6.475
24.4200 44.133 6.643
24.4400 37.552 6.128
24.4600 43.332 6.583
24.4800 39.989 6.324
24.5000 43.968 6.631
24.5200 41.587 6.449
24.5400 40.260 6.345
24.5600 42.778 6.541
24.5800 40.201 6.340
24.6000 40.192 6.340
24.6200 38.876 6.235
24.6400 41.950 6.477
24.6600 42.991 6.557
24.6800 44.036 6.636
24.7000 41.700 6.458
24.7200 44.073 6.639
24.7400 42.006 6.481
24.7600 41.777 6.464
24.7800 43.104 6.565
24.8000 44.068 6.638
24.8200 41.261 6.424
24.8400 41.450 6.438
24.8600 41.610 6.451
24.8800 42.090 6.488
24.9000 40.117 6.334
24.9200 43.968 6.631
24.9400 41.104 6.411
24.9600 42.824 6.544
24.9800 40.241 6.344
25.0000 42.604 6.527
25.0200 42.663 6.532
25.0400 41.032 6.406
25.0600 45.909 6.776
25.0800 42.603 6.527
25.1000 45.408 6.739
25.1200 43.766 6.616
25.1400 40.517 6.365
25.1600 41.071 6.409
25.1800 42.701 6.535
25.2000 41.945 6.476
25.2200 41.915 6.474
25.2400 41.238 6.422
25.2600 38.187 6.180
25.2800 41.347 6.430
25.3000 37.355 6.112
25.3200 42.529 6.521
25.3400 40.327 6.350
25.3600 40.342 6.352
25.3800 41.328 6.429
25.4000 42.306 6.504
25.4200 38.890 6.236
25.4400 38.251 6.185
25.4600 39.610 6.294
25.4800 37.653 6.136
25.5000 39.796 6.308
25.5200 44.906 6.701
25.5400 39.605 6.293
25.5600 43.015 6.559
25.5800 38.963 6.242
25.6000 42.298 6.504
25.6200 41.055 6.407
25.6400 41.568 6.447
25.6600 42.820 6.544
25.6800 45.189 6.722
25.7000 42.060 6.485
25.7200 41.913 6.474
25.7400 39.712 6.302
25.7600 42.819 6.544
25.7800 41.155 6.415
25.8000 43.305 6.581
25.8200 41.548 6.446
25.8400 45.111 6.716
25.8600 37.658 6.137
25.8800 41.024 6.405
25.9000 43.375 6.586
25.9200 40.905 6.396
25.9400 40.016 6.326
25.9600 41.063 6.408
25.9800 38.829 6.231
26.0000 41.821 6.467
26.0200 46.458 6.816
26.0400 43.862 6.623
26.0600 39.348 6.273
26.0800 39.814 6.310
26.1000 40.745 6.383
26.1200 43.558 6.600
26.1400 39.901 6.317
26.1600 40.158 6.337
26.1800 43.302 6.580
26.2000 43.256 6.577
26.2200 40.774 6.385
26.2400 39.280 6.267
26.2600 38.411 6.198
26.2800 40.107 6.333
26.3000 37.038 6.086
26.3200 42.993 6.557
26.3400 40.228 6.343
26.3600 42.446 6.515
26.3800 45.215 6.724
26.4000 43.828 6.620
26.4200 39.227 6.263
26.4400 43.535 6.598
26.4600 45.305 6.731
26.4800 45.934 6.777
26.5000 59.380 7.706
26.5200 97.355 9.867
26.5400 173.567 13.174
26.5600 322.408 17.956
26.5800 523.365 22.877
26.6000 765.354 27.665
26.6200 963.991 31.048
26.6400 1040.954 32.264
26.6600 964.851 31.062
26.6800 768.089 27.714
26.7000 527.717 22.972
26.7200 321.698 17.936
26.7400 172.438 13.132
26.7600 97.511 9.875
26.7800 59.784 7.732
26.8000 47.608 6.900
26.8200 43.337 6.583
26.8400 39.868 6.314
26.8600 40.132 6.335
26.8800 42.941 6.553
26.9000 42.040 6.484
26.9200 39.976 6.323
26.9400 45.411 6.739
26.9600 45.944 6.778
26.9800 38.396 6.196
27.0000 41.919 6.475
27.0200 46.329 6.807
27.0400 42.874 6.548
27.0600 41.743 6.461
27.0800 40.880 6.394
27.1000 40.209 6.341
27.1200 40.861 6.392
27.1400 40.180 6.339
27.1600 42.766 6.540
27.1800 40.475 6.362
27.2000 40.384 6.355
27.2200 38.857 6.234
27.2400 41.158 6.415
27.2600 39.464 6.282
27.2800 40.886 6.394
27.3000 43.326 6.582
27.3200 41.969 6.478
27.3400 42.242 6.499
27.3600 41.940 6.476
27.3800 41.342 6.430
27.4000 40.964 6.400
27.4200 40.598 6.372
27.4400 42.727 6.537
27.4600 39.036 6.248
27.4800 43.881 6.624
27.5000 41.263 6.424
27.5200 39.693 6.300
27.5400 40.207 6.341
27.5600 39.827 6.311
27.5800 41.497 6.442
27.6000 39.736 6.304
27.6200 43.452 6.592
27.6400 39.599 6.293
27.6600 36.613 6.051
27.6800 39.692 6.300
27.7000 37.132 6.094
27.7200 41.065 6.408
27.7400 43.258 6.577
27.7600 42.431 6.514
27.7800 38.456 6.201
27.8000 39.602 6.293
27.8200 44.679 6.684
27.8400 41.755 6.462
27.8600 41.122 6.413
27.8800 43.221 6.574
27.9000 46.010 6.783
27.9200 43.693 6.610
27.9400 41.375 6.432
27.9600 41.801 6.465
27.9800 42.321 6.505
28.0000 39.857 6.313
28.0200 38.961 6.242
28.0400 41.179 6.417
28.0600 39.175 6.259
28.0800 40.943 6.399
28.1000 41.253 6.423
28.1200 45.739 6.763
28.1400 39.351 6.273
28.1600 40.805 6.388
28.1800 40.716 6.381
28.2000 41.915 6.474
28.2200 43.129 6.567
28.2400 40.051 6.329
28.2600 39.385 6.276
28.2800 37.742 6.143
28.3000 39.167 6.258
28.3200 42.088 6.488
28.3400 41.102 6.411
28.3600 38.976 6.243
28.3800 40.257 6.345
28.4000 41.062 6.408
28.4200 42.002 6.481
28.4400 39.804 6.309
28.4600 40.486 6.363
28.4800 37.346 6.111
28.5000 38.676 6.219
28.5200 44.210 6.649
28.5400 36.594 6.049
28.5600 40.291 6.348
28.5800 41.401 6.434
28.6000 40.210 6.341
28.6200 39.338 6.272
28.6400 40.828 6.390
28.6600 40.937 6.398
28.6800 40.779 6.386
28.7000 37.184 6.098
28.7200 40.640 6.375
28.7400 39.221 6.263
28.7600 39.832 6.311
28.7800 41.377 6.433
28.8000 42.201 6.496
28.8200 42.709 6.535
28.8400 39.919 6.318
28.8600 42.756 6.539
28.8800 43.252 6.577
28.9000 43.174 6.571
28.9200 43.676 6.609
28.9400 40.602 6.372
28.9600 40.541 6.367
28.9800 42.536 6.522
29.0000 38.149 6.176
29.0200 41.297 6.426
29.0400 39.814 6.310
29.0600 40.133 6.335
29.0800 37.384 6.114
29.1000 39.083 6.252
29.1200 40.819 6.389
29.1400 42.634 6.529
29.1600 42.839 6.545
29.1800 40.726 6.382
29.2000 40.668 6.377
29.2200 40.101 6.333
29.2400 45.229 6.725
29.2600 52.244 7.228
29.2800 75.724 8.702
29.3000 125.532 11.204
29.3200 207.582 14.408
29.3400 329.877 18.163
29.3600 474.785 21.790
29.3800 591.767 24.326
29.4000 638.416 25.267
29.4200 597.287 24.439
29.4400 476.946 21.839
29.4600 329.811 18.161
29.4800 208.926 14.454
29.5000 124.515 11.159
29.5200 73.751 8.588
29.5400 51.339 7.165
29.5600 43.694 6.610
29.5800 42.269 6.501
29.6000 42.257 6.501
29.6200 43.175 6.571
29.6400 43.200 6.573
29.6600 43.138 6.568
29.6800 43.487 6.594
29.7000 42.082 6.487
29.7200 37.694 6.140
29.7400 40.491 6.363
29.7600 41.378 6.433
29.7800 39.980 6.323
29.8000 42.566 6.524
29.8200 40.020 6.326
29.8400 38.885 6.236
29.8600 43.622 6.605
29.8800 42.062 6.486
29.9000 41.166 6.416
29.9200 42.577 6.525
29.9400 42.846 6.546
29.9600 41.400 6.434
29.9800 35.799 5.983
30.0000 39.360 6.274
30.0200 39.795 6.308
30.0400 38.737 6.224
30.0600 41.099 6.411
30.0800 43.083 6.564
30.1000 39.726 6.303
30.1200 38.423 6.199
30.1400 44.746 6.689
30.1600 39.784 6.307
30.1800 38.218 6.182
30.2000 41.156 6.415
30.2200 41.529 6.444
30.2400 39.264 6.266
30.2600 42.253 6.500
30.2800 39.694 6.300
30.3000 38.820 6.231
30.3200 41.020 6.405
30.3400 42.201 6.496
30.3600 39.389 6.276
30.3800 41.315 6.428
30.4000 40.464 6.361
30.4200 46.297 6.804
30.4400 39.228 6.263
30.4600 43.411 6.589
30.4800 40.535 6.367
30.5000 40.383 6.355
30.5200 42.077 6.487
30.5400 42.419 6.513
30.5600 43.162 6.570
30.5800 41.282 6.425
30.6000 39.421 6.279
30.6200 39.544 6.288
30.6400 41.636 6.453
30.6600 41.776 6.463
30.6800 43.407 6.588
30.7000 41.445 6.438
30.7200 42.726 6.537
30.7400 43.636 6.606
30.7600 40.930 6.398
30.7800 37.626 6.134
30.8000 38.236 6.184
30.8200 37.716 6.141
30.8400 43.772 6.616
30.8600 38.892 6.236
30.8800 43.048 6.561
30.9000 41.753 6.462
30.9200 44.009 6.634
30.9400 42.582 6.525
30.9600 40.369 6.354
30.9800 40.171 6.338
31.0000 40.738 6.383
31.0200 40.916 6.397
31.0400 39.501 6.285
31.0600 40.495 6.364
31.0800 43.776 6.616
31.1000 37.151 6.095
31.1200 41.070 6.409
31.1400 38.736 6.224
31.1600 40.922 6.397
31.1800 42.225 6.498
31.2000 40.427 6.358
31.2200 42.086 6.487
31.2400 37.358 6.112
31.2600 42.749 6.538
31.2800 39.326 6.271
31.3000 41.775 6.463
31.3200 40.892 6.395
31.3400 35.354 5.946
31.3600 39.010 6.246
31.3800 40.961 6.400
31.4000 43.626 6.605
31.4200 41.090 6.410
31.4400 41.028 6.405
31.4600 37.685 6.139
31.4800 43.370 6.586
31.5000 44.120 6.642
31.5200 40.560 6.369
31.5400 40.061 6.329
31.5600 37.261 6.104
31.5800 42.263 6.501
31.6000 45.898 6.775
31.6200 41.926 6.475
31.6400 43.017 6.559
31.6600 41.571 6.448
31.6800 38.515 6.206
31.7000 43.156 6.569
31.7200 38.011 6.165
31.7400 40.057 6.329
31.7600 41.033 6.406
31.7800 42.239 6.499
31.8000 41.303 6.427
31.8200 41.242 6.422
31.8400 38.944 6.240
31.8600 37.886 6.155
31.8800 40.585 6.371
31.9000 39.040 6.248
31.9200 37.842 6.152
31.9400 37.924 6.158
31.9600 39.473 6.283
31.9800 36.746 6.062
32.0000 37.754 6.144
32.0200 37.177 6.097
32.0400 40.809 6.388
32.0600 41.259 6.423
32.0800 44.455 6.667
32.1000 37.443 6.119
32.1200 39.077 6.251
32.1400 42.259 6.501
32.1600 39.999 6.324
32.1800 39.776 6.307
32.2000 43.846 6.622
32.2200 39.749 6.305
32.2400 38.111 6.173
32.2600 37.788 6.147
32.2800 41.091 6.410
32.3000 41.028 6.405
32.3200 37.672 6.138
32.3400 38.443 6.200
32.3600 41.481 6.441
32.3800 41.564 6.447
32.4000 39.121 6.255
32.4200 41.650 6.454
32.4400 41.547 6.446
32.4600 36.836 6.069
32.4800 39.776 6.307
32.5000 41.228 6.421
32.5200 39.250 6.265
32.5400 36.116 6.010
32.5600 39.826 6.311
32.5800 41.894 6.473
32.6000 43.549 6.599
32.6200 36.005 6.000
32.6400 45.611 6.754
32.6600 38.128 6.175
32.6800 42.295 6.503
32.7000 42.847 6.546
32.7200 42.343 6.507
32.7400 40.674 6.378
32.7600 38.050 6.168
32.7800 41.624 6.452
32.8000 38.939 6.240
32.8200 35.322 5.943
32.8400 46.024 6.784
32.8600 41.780 6.464
32.8800 43.998 6.633
32.9000 38.537 6.208
32.9200 43.294 6.580
32.9400 43.537 6.598
32.9600 43.464 6.593
32.9800 40.311 6.349
33.0000 37.947 6.160
33.0200 39.995 6.324
33.0400 35.942 5.995
33.0600 36.942 6.078
33.0800 40.528 6.366
33.1000 38.360 6.194
33.1200 40.012 6.326
33.1400 40.121 6.334
33.1600 44.199 6.648
33.1800 42.931 6.552
33.2000 40.245 6.344
33.2200 42.750 6.538
33.2400 38.772 6.227
33.2600 39.655 6.297
33.2800 42.148 6.492
33.3000 37.843 6.152
33.3200 39.766 6.306
33.3400 37.681 6.138
33.3600 40.556 6.368
33.3800 43.584 6.602
33.4000 38.814 6.230
33.4200 40.768 6.385
33.4400 38.520 6.206
33.4600 38.014 6.166
33.4800 37.840 6.151
33.5000 43.219 6.574
33.5200 45.033 6.711
33.5400 41.273 6.424
33.5600 38.873 6.235
33.5800 41.713 6.459
33.6000 39.633 6.296
33.6200 41.903 6.473
33.6400 40.881 6.394
33.6600 40.857 6.392
33.6800 41.510 6.443
33.7000 39.135 6.256
33.7200 39.484 6.284
33.7400 36.849 6.070
33.7600 39.406 6.277
33.7800 37.444 6.119
33.8000 39.997 6.324
33.8200 38.370 6.194
33.8400 40.486 6.363
33.8600 41.189 6.418
33.8800 37.441 6.119
33.9000 38.653 6.217
33.9200 38.391 6.196
33.9400 41.770 6.463
33.9600 43.688 6.610
33.9800 41.977 6.479
34.0000 39.574 6.291
34.0200 43.201 6.573
34.0400 37.241 6.103
34.0600 43.267 6.578
34.0800 38.954 6.241
34.1000 34.705 5.891
34.1200 45.566 6.750
34.1400 43.419 6.589
34.1600 38.197 6.180
34.1800 40.598 6.372
34.2000 39.830 6.311
34.2200 40.462 6.361
34.2400 37.289 6.106
34.2600 38.892 6.236
34.2800 41.189 6.418
34.3000 40.697 6.379
34.3200 42.649 6.531
34.3400 40.409 6.357
34.3600 44.946 6.704
34.3800 38.815 6.230
34.4000 40.764 6.385
34.4200 36.411 6.034
34.4400 37.736 6.143
34.4600 42.898 6.550
34.4800 38.355 6.193
34.5000 41.300 6.427
34.5200 40.114 6.334
34.5400 38.147 6.176
34.5600 39.539 6.288
34.5800 39.205 6.261
34.6000 39.258 6.266
34.6200 41.739 6.461
34.6400 41.535 6.445
34.6600 39.074 6.251
34.6800 38.414 6.198
34.7000 40.791 6.387
34.7200 40.025 6.327
34.7400 42.281 6.502
34.7600 45.533 6.748
34.7800 41.908 6.474
34.8000 40.151 6.336
34.8200 39.875 6.315
34.8400 38.505 6.205
34.8600 38.404 6.197
34.8800 38.209 6.181
34.9000 39.424 6.279
34.9200 39.359 6.274
34.9400 41.700 6.458
34.9600 39.413 6.278
34.9800 39.815 6.310
35.0000 37.772 6.146
35.0200 43.497 6.595
35.0400 41.221 6.420
35.0600 43.783 6.617
35.0800 41.798 6.465
35.1000 43.183 6.571
35.1200 39.705 6.301
35.1400 41.636 6.453
35.1600 45.611 6.754
35.1800 37.752 6.144
35.2000 42.550 6.523
35.2200 43.593 6.602
35.2400 41.038 6.406
35.2600 41.725 6.460
35.2800 42.753 6.539
35.3000 38.852 6.233
35.3200 41.026 6.405
35.3400 38.415 6.198
35.3600 38.807 6.230
35.3800 38.925 6.239
35.4000 39.895 6.316
35.4200 40.486 6.363
35.4400 41.111 6.412
35.4600 37.283 6.106
35.4800 44.237 6.651
35.5000 42.549 6.523
35.5200 41.668 6.455
35.5400 39.447 6.281
35.5600 39.997 6.324
35.5800 41.301 6.427
35.6000 41.020 6.405
35.6200 36.734 6.061
35.6400 41.694 6.457
35.6600 46.151 6.793
35.6800 36.387 6.032
35.7000 42.212 6.497
35.7200 40.929 6.398
35.7400 39.947 6.320
35.7600 43.011 6.558
35.7800 37.864 6.153
35.8000 40.980 6.402
35.8200 44.758 6.690
35.8400 44.253 6.652
35.8600 50.133 7.080
35.8800 62.643 7.915
35.9000 78.190 8.843
35.9200 101.433 10.071
35.9400 112.147 10.590
35.9600 121.954 11.043
35.9800 111.436 10.556
36.0000 99.626 9.981
36.0200 78.882 8.882
36.0400 57.090 7.556
36.0600 50.971 7.139
36.0800 42.452 6.516
36.1000 40.828 6.390
36.1200 43.795 6.618
36.1400 37.978 6.163
36.1600 37.999 6.164
36.1800 43.118 6.566
36.2000 40.389 6.355
36.2200 43.319 6.582
36.2400 40.814 6.389
36.2600 38.333 6.191
36.2800 40.010 6.325
36.3000 42.675 6.533
36.3200 42.086 6.487
36.3400 40.176 6.338
36.3600 40.382 6.355
36.3800 40.449 6.360
36.4000 40.738 6.383
36.4200 49.165 7.012
36.4400 52.335 7.234
36.4600 62.837 7.927
36.4800 82.965 9.109
36.5000 106.985 10.343
36.5200 124.537 11.160
36.5400 129.854 11.395
36.5600 121.841 11.038
36.5800 105.537 10.273
36.6000 80.500 8.972
36.6200 62.480 7.904
36.6400 53.955 7.345
36.6600 44.198 6.648
36.6800 42.688 6.534
36.7000 43.173 6.571
36.7200 41.603 6.450
36.7400 40.201 6.340
36.7600 44.510 6.672
36.7800 41.501 6.442
36.8000 39.398 6.277
36.8200 41.631 6.452
36.8400 40.964 6.400
36.8600 38.364 6.194
36.8800 40.274 6.346
36.9000 39.784 6.307
36.9200 36.079 6.007
36.9400 39.767 6.306
36.9600 39.539 6.288
36.9800 39.219 6.262
37.0000 36.737 6.061
37.0200 39.389 6.276
37.0400 40.036 6.327
37.0600 40.327 6.350
37.0800 37.782 6.147
37.1000 41.416 6.436
37.1200 37.616 6.133
37.1400 39.655 6.297
37.1600 42.797 6.542
37.1800 38.690 6.220
37.2000 39.063 6.250
37.2200 42.319 6.505
37.2400 39.322 6.271
37.2600 39.500 6.285
37.2800 40.565 6.369
37.3000 42.266 6.501
37.3200 35.579 5.965
37.3400 38.406 6.197
37.3600 38.038 6.167
37.3800 37.878 6.155
37.4000 38.351 6.193
37.4200 38.382 6.195
37.4400 40.723 6.381
37.4600 38.280 6.187
37.4800 40.355 6.353
37.5000 40.926 6.397
37.5200 38.606 6.213
37.5400 40.370 6.354
37.5600 43.456 6.592
37.5800 40.761 6.384
37.6000 38.794 6.228
37.6200 39.966 6.322
37.6400 38.223 6.182
37.6600 40.653 6.376
37.6800 41.863 6.470
37.7000 38.421 6.198
37.7200 39.669 6.298
37.7400 42.371 6.509
37.7600 39.079 6.251
37.7800 40.479 6.362
37.8000 38.002 6.165
37.8200 38.420 6.198
37.8400 39.046 6.249
37.8600 44.445 6.667
37.8800 39.274 6.267
37.9000 39.032 6.248
37.9200 38.965 6.242
37.9400 39.759 6.305
37.9600 41.402 6.434
37.9800 40.468 6.361
38.0000 44.205 6.649
38.0200 40.516 6.365
38.0400 42.983 6.556
38.0600 40.641 6.375
38.0800 41.298 6.426
38.1000 37.199 6.099
38.1200 39.832 6.311
38.1400 39.947 6.320
38.1600 39.599 6.293
38.1800 35.778 5.982
38.2000 41.845 6.469
38.2200 39.309 6.270
38.2400 39.207 6.262
38.2600 39.572 6.291
38.2800 39.626 6.295
38.3000 40.895 6.395
38.3200 37.539 6.127
38.3400 38.218 6.182
38.3600 40.661 6.377
38.3800 40.370 6.354
38.4000 39.325 6.271
38.4200 38.930 6.239
38.4400 38.409 6.197
38.4600 39.961 6.321
38.4800 42.438 6.514
38.5000 37.960 6.161
38.5200 43.123 6.567
38.5400 41.763 6.462
38.5600 39.169 6.259
38.5800 41.641 6.453
38.6000 37.142 6.094
38.6200 36.610 6.051
38.6400 37.494 6.123
38.6600 39.253 6.265
38.6800 39.421 6.279
38.7000 39.042 6.248
38.7200 40.270 6.346
38.7400 35.801 5.983
38.7600 41.061 6.408
38.7800 37.232 6.102
38.8000 38.748 6.225
38.8200 39.244 6.264
38.8400 37.756 6.145
38.8600 37.326 6.110
38.8800 38.056 6.169
38.9000 40.044 6.328
38.9200 41.247 6.422
38.9400 41.195 6.418
38.9600 38.077 6.171
38.9800 38.483 6.203
39.0000 38.224 6.183
39.0200 40.965 6.400
39.0400 35.990 5.999
39.0600 42.541 6.522
39.0800 39.094 6.253
39.1000 38.496 6.205
39.1200 40.742 6.383
39.1400 42.128 6.491
39.1600 40.749 6.384
39.1800 42.179 6.495
39.2000 40.391 6.355
39.2200 42.797 6.542
39.2400 43.629 6.605
39.2600 43.446 6.591
39.2800 53.109 7.288
39.3000 65.027 8.064
39.3200 91.280 9.554
39.3400 128.896 11.353
39.3600 178.191 13.349
39.3800 225.585 15.019
39.4000 251.211 15.850
39.4200 262.105 16.190
39.4400 246.635 15.705
39.4600 216.445 14.712
39.4800 173.908 13.187
39.5000 139.384 11.806
39.5200 106.044 10.298
39.5400 75.879 8.711
39.5600 59.122 7.689
39.5800 43.578 6.601
39.6000 44.522 6.672
39.6200 39.740 6.304
39.6400 42.076 6.487
39.6600 36.434 6.036
39.6800 41.451 6.438
39.7000 39.581 6.291
39.7200 41.668 6.455
39.7400 38.201 6.181
39.7600 38.815 6.230
39.7800 44.536 6.674
39.8000 38.391 6.196
39.8200 38.639 6.216
39.8400 39.497 6.285
39.8600 38.005 6.165
39.8800 42.431 6.514
39.9000 43.499 6.595
39.9200 38.641 6.216
39.9400 36.597 6.050
39.9600 42.392 6.511
39.9800 42.265 6.501
40.0000 41.691 6.457
40.0200 42.361 6.508
40.0400 38.312 6.190
40.0600 39.710 6.302
40.0800 37.281 6.106
40.1000 37.225 6.101
40.1200 42.077 6.487
40.1400 38.971 6.243
40.1600 45.497 6.745
40.1800 42.720 6.536
40.2000 44.854 6.697
40.2200 54.152 7.359
40.2400 65.551 8.096
40.2600 73.693 8.584
40.2800 79.150 8.897
40.3000 85.785 9.262
40.3200 84.335 9.183
40.3400 71.733 8.470
40.3600 60.399 7.772
40.3800 54.587 7.388
40.4000 46.412 6.813
40.4200 40.363 6.353
40.4400 40.175 6.338
40.4600 38.799 6.229
40.4800 40.703 6.380
40.5000 40.275 6.346
40.5200 42.344 6.507
40.5400 41.460 6.439
40.5600 36.913 6.076
40.5800 40.854 6.392
40.6000 41.833 6.468
40.6200 40.951 6.399
40.6400 42.099 6.488
40.6600 38.939 6.240
40.6800 38.137 6.175
40.7000 41.898 6.473
40.7200 37.907 6.157
40.7400 35.719 5.976
40.7600 42.088 6.488
40.7800 38.589 6.212
40.8000 39.425 6.279
40.8200 37.241 6.103
40.8400 37.385 6.114
40.8600 37.723 6.142
40.8800 39.315 6.270
40.9000 40.776 6.386
40.9200 35.440 5.953
40.9400 41.540 6.445
40.9600 37.671 6.138
40.9800 37.902 6.156
41.0000 41.390 6.434
41.0200 39.885 6.315
41.0400 36.961 6.080
41.0600 43.723 6.612
41.0800 38.312 6.190
41.1000 40.528 6.366
41.1200 40.433 6.359
41.1400 42.856 6.546
41.1600 39.121 6.255
41.1800 42.049 6.484
41.2000 38.549 6.209
41.2200 42.276 6.502
41.2400 38.506 6.205
41.2600 39.307 6.270
41.2800 43.823 6.620
41.3000 40.665 6.377
41.3200 40.251 6.344
41.3400 44.515 6.672
41.3600 40.753 6.384
41.3800 38.398 6.197
41.4000 41.500 6.442
41.4200 37.667 6.137
41.4400 42.286 6.503
41.4600 42.442 6.515
41.4800 38.884 6.236
41.5000 38.773 6.227
41.5200 40.382 6.355
41.5400 40.057 6.329
41.5600 38.073 6.170
41.5800 41.165 6.416
41.6000 35.945 5.995
41.6200 39.162 6.258
41.6400 39.220 6.263
41.6600 39.481 6.283
41.6800 40.642 6.375
41.7000 37.571 6.130
41.7200 41.204 6.419
41.7400 39.667 6.298
41.7600 38.726 6.223
41.7800 37.293 6.107
41.8000 37.660 6.137
41.8200 40.747 6.383
41.8400 38.098 6.172
41.8600 40.154 6.337
41.8800 42.150 6.492
41.9000 42.091 6.488
41.9200 43.146 6.569
41.9400 39.433 6.280
41.9600 37.855 6.153
41.9800 42.066 6.486
42.0000 40.644 6.375
42.0200 42.272 6.502
42.0400 40.046 6.328
42.0600 42.416 6.513
42.0800 41.717 6.459
42.1000 41.457 6.439
42.1200 41.031 6.406
42.1400 40.819 6.389
42.1600 40.489 6.363
42.1800 40.475 6.362
42.2000 42.004 6.481
42.2200 39.001 6.245
42.2400 43.504 6.596
42.2600 39.858 6.313
42.2800 42.194 6.496
42.3000 40.564 6.369
42.3200 41.742 6.461
42.3400 49.866 7.062
42.3600 52.267 7.230
42.3800 61.862 7.865
42.4000 78.018 8.833
42.4200 93.680 9.679
42.4400 108.045 10.394
42.4600 104.148 10.205
42.4800 96.183 9.807
42.5000 77.442 8.800
42.5200 65.121 8.070
42.5400 54.227 7.364
42.5600 49.404 7.029
42.5800 40.841 6.391
42.6000 41.949 6.477
42.6200 40.826 6.390
42.6400 38.024 6.166
42.6600 39.990 6.324
42.6800 39.494 6.284
42.7000 35.369 5.947
42.7200 41.217 6.420
42.7400 41.100 6.411
42.7600 39.141 6.256
42.7800 37.342 6.111
42.8000 42.979 6.556
42.8200 40.551 6.368
42.8400 42.052 6.485
42.8600 42.839 6.545
42.8800 38.977 6.243
42.9000 41.643 6.453
42.9200 39.539 6.288
42.9400 39.913 6.318
42.9600 39.949 6.321
42.9800 40.447 6.360
43.0000 43.801 6.618
43.0200 45.032 6.711
43.0400 52.159 7.222
43.0600 67.170 8.196
43.0800 93.243 9.656
43.1000 123.141 11.097
43.1200 155.949 12.488
43.1400 177.140 13.309
43.1600 176.113 13.271
43.1800 156.717 12.519
43.2000 123.709 11.122
43.2200 96.568 9.827
43.2400 70.380 8.389
43.2600 53.365 7.305
43.2800 44.675 6.684
43.3000 45.953 6.779
43.3200 41.094 6.410
43.3400 39.944 6.320
43.3600 40.642 6.375
43.3800 40.631 6.374
43.4000 42.836 6.545
43.4200 39.977 6.323
43.4400 44.214 6.649
43.4600 38.251 6.185
43.4800 41.403 6.435
43.5000 38.011 6.165
43.5200 43.649 6.607
43.5400 39.353 6.273
43.5600 39.898 6.316
43.5800 41.863 6.470
43.6000 42.525 6.521
43.6200 37.790 6.147
43.6400 39.322 6.271
43.6600 37.224 6.101
43.6800 40.288 6.347
43.7000 39.811 6.310
43.7200 39.316 6.270
43.7400 38.645 6.216
43.7600 39.242 6.264
43.7800 38.520 6.206
43.8000 41.071 6.409
43.8200 43.045 6.561
43.8400 36.152 6.013
43.8600 39.781 6.307
43.8800 39.176 6.259
43.9000 40.997 6.403
43.9200 38.109 6.173
43.9400 39.720 6.302
43.9600 37.933 6.159
43.9800 41.406 6.435
44.0000 40.211 6.341
44.0200 39.689 6.300
44.0400 40.752 6.384
44.0600 39.519 6.286
44.0800 36.904 6.075
44.1000 41.203 6.419
44.1200 40.588 6.371
44.1400 39.704 6.301
44.1600 41.981 6.479
44.1800 42.448 6.515
44.2000 37.827 6.150
44.2200 38.449 6.201
44.2400 43.106 6.566
44.2600 42.849 6.546
44.2800 38.534 6.208
44.3000 37.650 6.136
44.3200 38.736 6.224
44.3400 39.015 6.246
44.3600 36.843 6.070
44.3800 40.073 6.330
44.4000 37.450 6.120
44.4200 37.590 6.131
44.4400 41.843 6.469
44.4600 38.644 6.216
44.4800 39.867 6.314
44.5000 41.268 6.424
44.5200 41.637 6.453
44.5400 39.336 6.272
44.5600 40.098 6.332
44.5800 38.359 6.193
44.6000 43.505 6.596
44.6200 41.310 6.427
44.6400 37.803 6.148
44.6600 40.018 6.326
44.6800 41.437 6.437
44.7000 40.968 6.401
44.7200 43.668 6.608
44.7400 42.754 6.539
44.7600 38.931 6.239
44.7800 39.831 6.311
44.8000 37.446 6.119
44.8200 40.508 6.365
44.8400 40.311 6.349
44.8600 45.416 6.739
44.8800 40.204 6.341
44.9000 35.822 5.985
44.9200 38.665 6.218
44.9400 40.233 6.343
44.9600 37.497 6.123
44.9800 38.274 6.187
45.0000 39.277 6.267
45.0200 40.692 6.379
45.0400 39.678 6.299
45.0600 38.230 6.183
45.0800 41.584 6.449
45.1000 38.929 6.239
45.1200 39.010 6.246
45.1400 37.249 6.103
45.1600 38.436 6.200
45.1800 41.312 6.427
45.2000 36.773 6.064
45.2200 39.866 6.314
45.2400 41.443 6.438
45.2600 39.254 6.265
45.2800 40.487 6.363
45.3000 37.774 6.146
45.3200 42.628 6.529
45.3400 42.210 6.497
45.3600 40.478 6.362
45.3800 36.497 6.041
45.4000 37.915 6.158
45.4200 41.961 6.478
45.4400 43.433 6.590
45.4600 40.600 6.372
45.4800 42.502 6.519
45.5000 38.792 6.228
45.5200 39.628 6.295
45.5400 40.009 6.325
45.5600 40.854 6.392
45.5800 36.955 6.079
45.6000 41.917 6.474
45.6200 42.775 6.540
45.6400 38.154 6.177
45.6600 38.658 6.218
45.6800 44.265 6.653
45.7000 46.614 6.827
45.7200 50.277 7.091
45.7400 65.885 8.117
45.7600 73.728 8.587
45.7800 78.261 8.847
45.8000 83.441 9.135
45.8200 73.695 8.585
45.8400 62.761 7.922
45.8600 55.221 7.431
45.8800 45.842 6.771
45.9000 42.040 6.484
45.9200 42.141 6.492
45.9400 39.342 6.272
45.9600 39.228 6.263
45.9800 43.373 6.586
46.0000 41.731 6.460
46.0200 41.612 6.451
46.0400 41.064 6.408
46.0600 40.974 6.401
46.0800 42.919 6.551
46.1000 39.967 6.322
46.1200 43.717 6.612
46.1400 38.103 6.173
46.1600 39.495 6.285
46.1800 37.248 6.103
46.2000 39.318 6.270
46.2200 41.042 6.406
46.2400 42.908 6.550
46.2600 38.679 6.219
46.2800 40.016 6.326
46.3000 39.287 6.268
46.3200 38.528 6.207
46.3400 37.626 6.134
46.3600 40.126 6.335
46.3800 36.541 6.045
46.4000 40.226 6.342
46.4200 40.047 6.328
46.4400 38.689 6.220
46.4600 37.983 6.163
46.4800 37.236 6.102
46.5000 43.747 6.614
46.5200 37.321 6.109
46.5400 43.120 6.567
46.5600 41.205 6.419
46.5800 39.277 6.267
46.6000 37.690 6.139
46.6200 42.090 6.488
46.6400 43.464 6.593
46.6600 38.136 6.175
46.6800 39.407 6.278
46.7000 42.108 6.489
46.7200 40.676 6.378
46.7400 44.004 6.634
46.7600 38.864 6.234
46.7800 41.089 6.410
46.8000 37.502 6.124
46.8200 44.196 6.648
46.8400 38.544 6.208
46.8600 35.588 5.966
46.8800 39.753 6.305
46.9000 39.725 6.303
46.9200 43.835 6.621
46.9400 39.326 6.271
46.9600 39.979 6.323
46.9800 41.191 6.418
47.0000 43.177 6.571
47.0200 39.877 6.315
47.0400 42.083 6.487
47.0600 41.040 6.406
47.0800 39.411 6.278
47.1000 40.159 6.337
47.1200 40.061 6.329
47.1400 38.172 6.178
47.1600 42.431 6.514
47.1800 37.232 6.102
47.2000 42.346 6.507
47.2200 41.913 6.474
47.2400 39.818 6.310
47.2600 38.477 6.203
47.2800 39.576 6.291
47.3000 41.073 6.409
47.3200 42.015 6.482
47.3400 42.466 6.517
47.3600 47.776 6.912
47.3800 54.005 7.349
47.4000 74.115 8.609
47.4200 100.670 10.033
47.4400 144.641 12.027
47.4600 182.306 13.502
47.4800 205.806 14.346
47.5000 208.960 14.455
47.5200 183.382 13.542
47.5400 137.481 11.725
47.5600 103.886 10.192
47.5800 70.736 8.410
47.6000 57.253 7.567
47.6200 50.769 7.125
47.6400 40.855 6.392
47.6600 40.677 6.378
47.6800 39.625 6.295
47.7000 40.730 6.382
47.7200 41.296 6.426
47.7400 42.578 6.525
47.7600 38.028 6.167
47.7800 43.146 6.569
47.8000 38.140 6.176
47.8200 40.557 6.368
47.8400 42.320 6.505
47.8600 41.429 6.437
47.8800 38.126 6.175
47.9000 38.599 6.213
47.9200 39.078 6.251
47.9400 39.900 6.317
47.9600 42.297 6.504
47.9800 37.419 6.117
48.0000 40.936 6.398
48.0200 41.223 6.420
48.0400 41.119 6.412
48.0600 40.935 6.398
48.0800 43.039 6.560
48.1000 40.978 6.401
48.1200 41.716 6.459
48.1400 41.130 6.413
48.1600 43.589 6.602
48.1800 36.203 6.017
48.2000 42.567 6.524
48.2200 39.480 6.283
48.2400 39.441 6.280
48.2600 38.064 6.170
48.2800 36.270 6.022
48.3000 39.265 6.266
48.3200 38.759 6.226
48.3400 41.547 6.446
48.3600 39.057 6.250
48.3800 48.994 7.000
48.4000 56.552 7.520
48.4200 75.128 8.668
48.4400 106.139 10.302
48.4600 147.603 12.149
48.4800 188.091 13.715
48.5000 215.349 14.675
48.5200 216.450 14.712
48.5400 189.996 13.784
48.5600 146.349 12.097
48.5800 107.026 10.345
48.6000 73.838 8.593
48.6200 56.328 7.505
48.6400 49.860 7.061
48.6600 43.252 6.577
48.6800 39.932 6.319
48.7000 36.884 6.073
48.7200 37.199 6.099
48.7400 36.633 6.053
48.7600 41.455 6.439
48.7800 38.472 6.203
48.8000 40.127 6.335
48.8200 38.758 6.226
48.8400 40.184 6.339
48.8600 42.805 6.543
48.8800 38.632 6.215
48.9000 39.320 6.271
48.9200 38.389 6.196
48.9400 41.751 6.462
48.9600 37.950 6.160
48.9800 37.736 6.143
49.0000 37.226 6.101
49.0200 37.185 6.098
49.0400 40.944 6.399
49.0600 45.140 6.719
49.0800 38.011 6.165
49.1000 41.905 6.473
49.1200 40.504 6.364
49.1400 37.798 6.148
49.1600 39.448 6.281
49.1800 39.536 6.288
49.2000 38.620 6.215
49.2200 43.863 6.623
49.2400 36.189 6.016
49.2600 40.764 6.385
49.2800 40.665 6.377
49.3000 38.842 6.232
49.3200 40.301 6.348
49.3400 41.757 6.462
49.3600 40.307 6.349
49.3800 40.836 6.390
49.4000 41.387 6.433
49.4200 35.937 5.995
49.4400 42.958 6.554
49.4600 44.558 6.675
49.4800 41.963 6.478
49.5000 42.029 6.483
49.5200 37.185 6.098
49.5400 39.765 6.306
49.5600 38.377 6.195
49.5800 38.827 6.231
49.6000 41.935 6.476
49.6200 38.394 6.196
49.6400 39.741 6.304
49.6600 36.184 6.015
49.6800 39.684 6.300
49.7000 40.181 6.339
49.7200 38.592 6.212
49.7400 38.562 6.210
49.7600 43.774 6.616
49.7800 37.582 6.130
49.8000 37.900 6.156
49.8200 38.383 6.195
49.8400 42.399 6.511
49.8600 44.204 6.649
49.8800 40.666 6.377
49.9000 38.568 6.210
49.9200 39.155 6.257
49.9400 42.181 6.495
49.9600 38.409 6.198
49.9800 43.803 6.618
50.0000 45.811 6.768
50.0200 48.562 6.969
50.0400 61.594 7.848
50.0600 83.206 9.122
50.0800 116.122 10.776
50.1000 146.821 12.117
50.1200 180.831 13.447
50.1400 189.251 13.757
50.1600 176.933 13.302
50.1800 149.129 12.212
50.2000 112.585 10.611
50.2200 79.732 8.929
50.2400 57.107 7.557
50.2600 46.537 6.822
50.2800 45.882 6.774
50.3000 44.823 6.695
50.3200 41.531 6.444
50.3400 42.423 6.513
50.3600 38.977 6.243
50.3800 39.848 6.313
50.4000 40.567 6.369
50.4200 37.838 6.151
50.4400 38.021 6.166
50.4600 40.195 6.340
50.4800 39.360 6.274
50.5000 37.874 6.154
50.5200 40.774 6.385
50.5400 39.474 6.283
50.5600 42.044 6.484
50.5800 39.991 6.324
50.6000 39.400 6.277
50.6200 40.256 6.345
50.6400 39.657 6.297
50.6600 38.665 6.218
50.6800 39.197 6.261
50.7000 41.500 6.442
50.7200 41.294 6.426
50.7400 42.573 6.525
50.7600 36.615 6.051
50.7800 39.215 6.262
50.8000 39.172 6.259
50.8200 40.344 6.352
50.8400 39.097 6.253
50.8600 38.974 6.243
50.8800 41.567 6.447
50.9000 40.357 6.353
50.9200 37.668 6.137
50.9400 42.670 6.532
50.9600 41.994 6.480
50.9800 38.853 6.233
51.0000 41.663 6.455
51.0200 38.530 6.207
51.0400 42.252 6.500
51.0600 39.565 6.290
51.0800 38.395 6.196
51.1000 39.255 6.265
51.1200 38.469 6.202
51.1400 40.385 6.355
51.1600 40.351 6.352
51.1800 40.072 6.330
51.2000 38.887 6.236
51.2200 32.679 5.717
51.2400 40.186 6.339
51.2600 36.208 6.017
51.2800 40.489 6.363
51.3000 42.262 6.501
51.3200 40.548 6.368
51.3400 39.222 6.263
51.3600 39.641 6.296
51.3800 39.735 6.304
51.4000 38.902 6.237
51.4200 38.833 6.232
51.4400 38.153 6.177
51.4600 42.377 6.510
51.4800 39.970 6.322
51.5000 41.913 6.474
51.5200 39.501 6.285
51.5400 40.145 6.336
51.5600 39.660 6.298
51.5800 40.926 6.397
51.6000 41.654 6.454
51.6200 40.480 6.362
51.6400 38.653 6.217
51.6600 38.441 6.200
51.6800 43.319 6.582
51.7000 39.440 6.280
51.7200 39.418 6.278
51.7400 42.931 6.552
51.7600 42.176 6.494
51.7800 41.068 6.408
51.8000 39.202 6.261
51.8200 44.707 6.686
51.8400 40.786 6.386
51.8600 41.095 6.410
51.8800 39.658 6.297
51.9000 37.172 6.097
51.9200 37.331 6.110
51.9400 40.814 6.389
51.9600 40.784 6.386
51.9800 39.521 6.287
52.0000 37.657 6.137
52.0200 37.117 6.092
52.0400 39.345 6.273
52.0600 37.088 6.090
52.0800 41.798 6.465
52.1000 42.306 6.504
52.1200 45.659 6.757
52.1400 41.757 6.462
52.1600 38.815 6.230
52.1800 38.257 6.185
52.2000 33.097 5.753
52.2200 38.811 6.230
52.2400 39.647 6.297
52.2600 41.936 6.476
52.2800 41.224 6.421
52.3000 41.177 6.417
52.3200 40.428 6.358
52.3400 41.322 6.428
52.3600 42.896 6.549
52.3800 37.871 6.154
52.4000 39.086 6.252
52.4200 37.223 6.101
52.4400 43.238 6.576
52.4600 42.594 6.526
52.4800 41.505 6.442
52.5000 37.603 6.132
52.5200 40.346 6.352
52.5400 39.531 6.287
52.5600 40.162 6.337
52.5800 39.624 6.295
52.6000 41.040 6.406
52.6200 39.211 6.262
52.6400 41.710 6.458
52.6600 40.483 6.363
52.6800 39.414 6.278
52.7000 39.777 6.307
52.7200 39.119 6.255
52.7400 41.628 6.452
52.7600 39.457 6.282
52.7800 40.590 6.371
52.8000 39.216 6.262
52.8200 37.030 6.085
52.8400 41.813 6.466
52.8600 37.884 6.155
52.8800 41.359 6.431
52.9000 40.841 6.391
52.9200 36.688 6.057
52.9400 38.111 6.173
52.9600 38.972 6.243
52.9800 38.359 6.193
53.0000 37.636 6.135
53.0200 41.481 6.441
53.0400 39.521 6.287
53.0600 40.772 6.385
53.0800 39.139 6.256
53.1000 40.611 6.373
53.1200 38.498 6.205
53.1400 39.947 6.320
53.1600 41.164 6.416
53.1800 40.090 6.332
53.2000 39.086 6.252
53.2200 37.827 6.150
53.2400 40.336 6.351
53.2600 40.690 6.379
53.2800 39.484 6.284
53.3000 38.462 6.202
53.3200 41.085 6.410
53.3400 44.964 6.706
53.3600 39.395 6.277
53.3800 40.674 6.378
53.4000 40.755 6.384
53.4200 34.867 5.905
53.4400 40.248 6.344
53.4600 38.587 6.212
53.4800 42.770 6.540
53.5000 39.492 6.284
53.5200 38.445 6.200
53.5400 39.563 6.290
53.5600 40.333 6.351
53.5800 38.880 6.235
53.6000 39.895 6.316
53.6200 37.292 6.107
53.6400 39.550 6.289
53.6600 41.552 6.446
53.6800 43.939 6.629
53.7000 41.413 6.435
53.7200 40.544 6.367
53.7400 42.368 6.509
53.7600 42.038 6.484
53.7800 43.328 6.582
53.8000 42.166 6.493
53.8200 39.764 6.306
53.8400 40.517 6.365
53.8600 40.359 6.353
53.8800 40.604 6.372
53.9000 40.401 6.356
53.9200 38.435 6.200
53.9400 35.793 5.983
53.9600 38.657 6.217
53.9800 35.948 5.996
54.0000 40.136 6.335
54.0200 40.009 6.325
54.0400 36.649 6.054
54.0600 41.377 6.432
54.0800 41.734 6.460
54.1000 40.192 6.340
54.1200 43.336 6.583
54.1400 43.744 6.614
54.1600 37.588 6.131
54.1800 42.074 6.486
54.2000 40.882 6.394
54.2200 40.837 6.390
54.2400 41.869 6.471
54.2600 38.562 6.210
54.2800 38.815 6.230
54.3000 38.347 6.192
54.3200 38.490 6.204
54.3400 39.803 6.309
54.3600 37.097 6.091
54.3800 37.909 6.157
54.4000 41.155 6.415
54.4200 39.858 6.313
54.4400 40.766 6.385
54.4600 36.222 6.018
54.4800 38.432 6.199
54.5000 38.889 6.236
54.5200 40.065 6.330
54.5400 38.828 6.231
54.5600 41.867 6.470
54.5800 39.884 6.315
54.6000 40.034 6.327
54.6200 40.027 6.327
54.6400 41.417 6.436
54.6600 39.063 6.250
54.6800 42.274 6.502
54.7000 41.044 6.407
54.7200 40.753 6.384
54.7400 41.446 6.438
54.7600 44.598 6.678
54.7800 49.947 7.067
54.8000 56.904 7.543
54.8200 65.013 8.063
54.8400 75.164 8.670
54.8600 79.445 8.913
54.8800 81.713 9.040
54.9000 73.358 8.565
54.9200 60.111 7.753
54.9400 57.688 7.595
54.9600 48.132 6.938
54.9800 41.215 6.420
55.0000 40.966 6.400
55.0200 38.677 6.219
55.0400 44.324 6.658
55.0600 41.025 6.405
55.0800 36.869 6.072
55.1000 41.093 6.410
55.1200 39.203 6.261
55.1400 43.834 6.621
55.1600 37.895 6.156
55.1800 35.506 5.959
55.2000 40.132 6.335
55.2200 39.304 6.269
55.2400 39.167 6.258
55.2600 35.718 5.976
55.2800 40.854 6.392
55.3000 43.347 6.584
55.3200 36.182 6.015
55.3400 42.343 6.507
55.3600 38.863 6.234
55.3800 44.698 6.686
55.4000 40.872 6.393
55.4200 39.624 6.295
55.4400 42.211 6.497
55.4600 41.052 6.407
55.4800 38.815 6.230
55.5000 41.421 6.436
55.5200 38.979 6.243
55.5400 36.423 6.035
55.5600 44.063 6.638
55.5800 39.301 6.269
55.6000 38.782 6.228
55.6200 40.678 6.378
55.6400 36.881 6.073
55.6600 37.293 6.107
55.6800 39.001 6.245
55.7000 38.961 6.242
55.7200 40.144 6.336
55.7400 42.245 6.500
55.7600 39.052 6.249
55.7800 40.986 6.402
55.8000 41.203 6.419
55.8200 37.832 6.151
55.8400 40.457 6.361
55.8600 38.115 6.174
55.8800 42.128 6.491
55.9000 40.910 6.396
55.9200 40.033 6.327
55.9400 37.321 6.109
55.9600 40.232 6.343
55.9800 38.466 6.202
56.0000 41.412 6.435
56.0200 39.761 6.306
56.0400 38.375 6.195
56.0600 41.851 6.469
56.0800 41.443 6.438
56.1000 38.813 6.230
56.1200 42.324 6.506
56.1400 39.403 6.277
56.1600 39.382 6.275
56.1800 40.248 6.344
56.2000 38.495 6.204
56.2200 39.117 6.254
56.2400 39.679 6.299
56.2600 43.061 6.562
56.2800 42.999 6.557
56.3000 39.482 6.283
56.3200 43.221 6.574
56.3400 39.913 6.318
56.3600 40.761 6.384
56.3800 41.767 6.463
56.4000 40.584 6.371
56.4200 44.830 6.696
56.4400 40.487 6.363
56.4600 37.605 6.132
56.4800 42.611 6.528
56.5000 39.176 6.259
56.5200 39.391 6.276
56.5400 34.017 5.832
56.5600 42.002 6.481
56.5800 41.637 6.453
56.6000 41.598 6.450
56.6200 41.957 6.477
56.6400 43.382 6.587
56.6600 39.908 6.317
56.6800 41.875 6.471
56.7000 38.512 6.206
56.7200 39.292 6.268
56.7400 42.114 6.489
56.7600 40.782 6.386
56.7800 37.333 6.110
56.8000 40.723 6.381
56.8200 39.634 6.296
56.8400 38.363 6.194
56.8600 40.869 6.393
56.8800 39.191 6.260
56.9000 36.859 6.071
56.9200 37.778 6.146
56.9400 43.538 6.598
56.9600 36.970 6.080
56.9800 40.446 6.360
57.0000 41.220 6.420
57.0200 41.278 6.425
57.0400 37.549 6.128
57.0600 39.357 6.274
57.0800 40.282 6.347
57.1000 41.600 6.450
57.1200 38.710 6.222
57.1400 37.673 6.138
57.1600 42.005 6.481
57.1800 42.210 6.497
57.2000 40.740 6.383
57.2200 38.782 6.228
57.2400 40.814 6.389
57.2600 40.219 6.342
57.2800 41.675 6.456
57.3000 37.502 6.124
57.3200 40.233 6.343
57.3400 39.682 6.299
57.3600 37.781 6.147
57.3800 40.431 6.359
57.4000 40.070 6.330
57.4200 39.179 6.259
57.4400 40.792 6.387
57.4600 37.162 6.096
57.4800 39.893 6.316
57.5000 40.863 6.392
57.5200 40.568 6.369
57.5400 42.153 6.493
57.5600 37.598 6.132
57.5800 36.984 6.081
57.6000 40.478 6.362
57.6200 40.910 6.396
57.6400 44.240 6.651
57.6600 41.233 6.421
57.6800 38.252 6.185
57.7000 41.612 6.451
57.7200 38.309 6.189
57.7400 37.028 6.085
57.7600 45.218 6.724
57.7800 40.652 6.376
57.8000 41.430 6.437
57.8200 41.127 6.413
57.8400 43.624 6.605
57.8600 40.568 6.369
57.8800 42.435 6.514
57.9000 37.945 6.160
57.9200 37.216 6.100
57.9400 42.853 6.546
57.9600 42.950 6.554
57.9800 41.021 6.405
58.0000 40.452 6.360
58.0200 40.332 6.351
58.0400 38.624 6.215
58.0600 43.077 6.563
58.0800 41.318 6.428
58.1000 41.012 6.404
58.1200 40.752 6.384
58.1400 42.096 6.488
58.1600 41.010 6.404
58.1800 41.491 6.441
58.2000 37.662 6.137
58.2200 41.020 6.405
58.2400 44.374 6.661
58.2600 38.963 6.242
58.2800 39.742 6.304
58.3000 41.784 6.464
58.3200 41.915 6.474
58.3400 41.249 6.423
58.3600 36.765 6.063
58.3800 41.003 6.403
58.4000 37.633 6.135
58.4200 38.351 6.193
58.4400 41.096 6.411
58.4600 39.408 6.278
58.4800 41.619 6.451
58.5000 46.296 6.804
58.5200 41.554 6.446
58.5400 41.446 6.438
58.5600 38.209 6.181
58.5800 38.714 6.222
58.6000 37.873 6.154
58.6200 38.935 6.240
58.6400 37.817 6.150
58.6600 38.681 6.219
58.6800 39.583 6.291
58.7000 37.999 6.164
58.7200 37.162 6.096
58.7400 37.277 6.105
58.7600 40.908 6.396
58.7800 40.120 6.334
58.8000 42.052 6.485
58.8200 42.089 6.488
58.8400 39.319 6.270
58.8600 41.340 6.430
58.8800 37.119 6.093
58.9000 44.566 6.676
58.9200 42.391 6.511
58.9400 39.570 6.290
58.9600 37.674 6.138
58.9800 40.760 6.384
59.0000 36.260 6.022
59.0200 38.441 6.200
59.0400 41.498 6.442
59.0600 40.151 6.336
59.0800 39.018 6.246
59.1000 41.901 6.473
59.1200 37.923 6.158
59.1400 40.569 6.369
59.1600 39.004 6.245
59.1800 38.305 6.189
59.2000 40.927 6.397
59.2200 38.014 6.166
59.2400 43.804 6.618
59.2600 38.831 6.231
59.2800 43.980 6.632
59.3000 37.812 6.149
59.3200 41.212 6.420
59.3400 37.601 6.132
59.3600 37.318 6.109
59.3800 40.319 6.350
59.4000 41.355 6.431
59.4200 37.451 6.120
59.4400 42.368 6.509
59.4600 38.405 6.197
59.4800 40.262 6.345
59.5000 40.760 6.384
59.5200 41.189 6.418
59.5400 36.404 6.034
59.5600 43.237 6.575
59.5800 41.124 6.413
59.6000 39.149 6.257
59.6200 37.952 6.160
59.6400 36.612 6.051
59.6600 37.277 6.106
59.6800 41.090 6.410
59.7000 39.318 6.270
59.7200 37.738 6.143
59.7400 38.953 6.241
59.7600 43.165 6.570
59.7800 39.507 6.285
59.8000 39.488 6.284
59.8200 44.884 6.700
59.8400 47.099 6.863
59.8600 54.975 7.415
59.8800 69.369 8.329
59.9000 90.438 9.510
59.9200 117.535 10.841
59.9400 140.582 11.857
59.9600 149.561 12.230
59.9800 142.255 11.927
60.0000 120.980 10.999
60.0200 93.989 9.695
60.0400 71.025 8.428
60.0600 52.872 7.271
60.0800 41.865 6.470
60.1000 41.141 6.414
60.1200 38.749 6.225
60.1400 38.863 6.234
60.1600 39.488 6.284
60.1800 37.520 6.125
60.2000 37.780 6.147
60.2200 39.800 6.309
60.2400 40.232 6.343
60.2600 38.688 6.220
60.2800 40.997 6.403
60.3000 39.561 6.290
60.3200 37.960 6.161
60.3400 40.081 6.331
60.3600 43.765 6.615
60.3800 38.650 6.217
60.4000 42.332 6.506
60.4200 42.756 6.539
60.4400 42.996 6.557
60.4600 38.355 6.193
60.4800 44.031 6.636
60.5000 40.233 6.343
60.5200 39.492 6.284
60.5400 39.539 6.288
60.5600 41.203 6.419
60.5800 40.102 6.333
60.6000 39.646 6.297
60.6200 42.567 6.524
60.6400 38.554 6.209
60.6600 37.914 6.157
60.6800 41.586 6.449
60.7000 41.407 6.435
60.7200 42.188 6.495
60.7400 37.856 6.153
60.7600 42.163 6.493
60.7800 40.964 6.400
60.8000 43.525 6.597
60.8200 37.503 6.124
60.8400 40.436 6.359
60.8600 39.445 6.281
60.8800 36.820 6.068
60.9000 38.570 6.210
60.9200 42.254 6.500
60.9400 39.062 6.250
60.9600 38.555 6.209
60.9800 41.737 6.460
61.0000 41.978 6.479
61.0200 41.974 6.479
61.0400 38.421 6.198
61.0600 39.884 6.315
61.0800 42.061 6.485
61.1000 38.688 6.220
61.1200 38.501 6.205
61.1400 41.656 6.454
61.1600 43.125 6.567
61.1800 37.696 6.140
61.2000 34.805 5.900
61.2200 37.099 6.091
61.2400 37.975 6.162
61.2600 39.725 6.303
61.2800 41.232 6.421
61.3000 39.707 6.301
61.3200 38.599 6.213
61.3400 40.307 6.349
61.3600 38.076 6.171
61.3800 39.906 6.317
61.4000 38.717 6.222
61.4200 45.361 6.735
61.4400 41.634 6.452
61.4600 38.330 6.191
61.4800 38.006 6.165
61.5000 39.124 6.255
61.5200 36.710 6.059
61.5400 38.539 6.208
61.5600 38.524 6.207
61.5800 41.768 6.463
61.6000 39.147 6.257
61.6200 38.419 6.198
61.6400 37.319 6.109
61.6600 37.647 6.136
61.6800 39.867 6.314
61.7000 39.570 6.290
61.7200 42.269 6.501
61.7400 38.742 6.224
61.7600 42.118 6.490
61.7800 40.514 6.365
61.8000 39.991 6.324
61.8200 35.983 5.999
61.8400 37.420 6.117
61.8600 41.483 6.441
61.8800 42.796 6.542
61.9000 40.413 6.357
61.9200 41.525 6.444
61.9400 39.185 6.260
61.9600 39.257 6.266
61.9800 38.674 6.219
62.0000 41.949 6.477
62.0200 40.686 6.379
62.0400 39.532 6.287
62.0600 39.343 6.272
62.0800 41.113 6.412
62.1000 40.646 6.375
62.1200 38.336 6.192
62.1400 43.432 6.590
62.1600 40.514 6.365
62.1800 40.021 6.326
62.2000 42.955 6.554
62.2200 42.048 6.484
62.2400 39.824 6.311
62.2600 41.072 6.409
62.2800 37.860 6.153
62.3000 38.718 6.222
62.3200 35.479 5.956
62.3400 42.441 6.515
62.3600 36.203 6.017
62.3800 41.363 6.431
62.4000 38.339 6.192
62.4200 38.042 6.168
62.4400 39.610 6.294
62.4600 40.533 6.367
62.4800 41.224 6.421
62.5000 43.543 6.599
62.5200 40.717 6.381
62.5400 41.762 6.462
62.5600 38.803 6.229
62.5800 41.427 6.436
62.6000 40.307 6.349
62.6200 39.074 6.251
62.6400 39.808 6.309
62.6600 39.876 6.315
62.6800 40.382 6.355
62.7000 40.803 6.388
62.7200 38.982 6.244
62.7400 38.518 6.206
62.7600 41.495 6.442
62.7800 36.607 6.050
62.8000 38.764 6.226
62.8200 43.105 6.565
62.8400 34.586 5.881
62.8600 38.614 6.214
62.8800 41.375 6.432
62.9000 36.699 6.058
62.9200 45.196 6.723
62.9400 34.823 5.901
62.9600 42.873 6.548
62.9800 43.115 6.566
63.0000 41.833 6.468
63.0200 39.557 6.289
63.0400 40.714 6.381
63.0600 38.206 6.181
63.0800 41.619 6.451
63.1000 37.760 6.145
63.1200 39.452 6.281
63.1400 41.993 6.480
63.1600 37.771 6.146
63.1800 39.271 6.267
63.2000 40.329 6.350
63.2200 37.316 6.109
63.2400 42.329 6.506
63.2600 40.682 6.378
63.2800 36.969 6.080
63.3000 39.906 6.317
63.3200 38.449 6.201
63.3400 38.685 6.220
63.3600 40.153 6.337
63.3800 38.581 6.211
63.4000 41.929 6.475
63.4200 38.591 6.212
63.4400 41.963 6.478
63.4600 39.912 6.318
63.4800 41.712 6.458
63.5000 38.917 6.238
63.5200 38.989 6.244
63.5400 37.695 6.140
63.5600 41.156 6.415
63.5800 41.876 6.471
63.6000 44.238 6.651
63.6200 42.581 6.525
63.6400 40.500 6.364
63.6600 39.578 6.291
63.6800 40.777 6.386
63.7000 39.945 6.320
63.7200 42.927 6.552
63.7400 41.888 6.472
63.7600 38.326 6.191
63.7800 38.625 6.215
63.8000 42.735 6.537
63.8200 40.616 6.373
63.8400 39.536 6.288
63.8600 42.373 6.509
63.8800 39.225 6.263
63.9000 39.440 6.280
63.9200 39.078 6.251
63.9400 36.077 6.006
63.9600 41.729 6.460
63.9800 37.582 6.130
64.0000 38.863 6.234
64.0200 38.512 6.206
64.0400 41.454 6.438
64.0600 39.863 6.314
64.0800 40.031 6.327
64.1000 36.641 6.053
64.1200 39.825 6.311
64.1400 37.047 6.087
64.1600 40.614 6.373
64.1800 40.733 6.382
64.2000 39.965 6.322
64.2200 44.086 6.640
64.2400 41.055 6.407
64.2600 41.192 6.418
64.2800 40.285 6.347
64.3000 39.614 6.294
64.3200 41.932 6.475
64.3400 42.203 6.496
64.3600 37.398 6.115
64.3800 42.109 6.489
64.4000 41.028 6.405
64.4200 41.921 6.475
64.4400 40.932 6.398
64.4600 37.511 6.125
64.4800 37.654 6.136
64.5000 43.649 6.607
64.5200 40.505 6.364
64.5400 37.165 6.096
64.5600 40.696 6.379
64.5800 39.276 6.267
64.6000 36.313 6.026
64.6200 35.420 5.951
64.6400 36.795 6.066
64.6600 40.544 6.367
64.6800 39.904 6.317
64.7000 39.502 6.285
64.7200 40.569 6.369
64.7400 41.202 6.419
64.7600 35.795 5.983
64.7800 39.398 6.277
64.8000 38.344 6.192
64.8200 37.534 6.126
64.8400 38.906 6.237
64.8600 39.754 6.305
64.8800 39.467 6.282
64.9000 37.091 6.090
64.9200 39.034 6.248
64.9400 44.032 6.636
64.9600 37.891 6.156
64.9800 36.626 6.052
65.0000 40.550 6.368
65.0200 41.193 6.418
65.0400 40.928 6.398
65.0600 37.761 6.145
65.0800 41.996 6.480
65.1000 38.429 6.199
65.1200 37.730 6.142
65.1400 38.783 6.228
65.1600 39.783 6.307
65.1800 41.428 6.436
65.2000 41.248 6.422
65.2200 39.955 6.321
65.2400 41.866 6.470
65.2600 40.163 6.337
65.2800 41.792 6.465
65.3000 37.192 6.099
65.3200 36.852 6.071
65.3400 41.551 6.446
65.3600 37.220 6.101
65.3800 39.397 6.277
65.4000 39.804 6.309
65.4200 39.024 6.247
65.4400 39.093 6.252
65.4600 42.785 6.541
65.4800 34.941 5.911
65.5000 41.768 6.463
65.5200 44.590 6.678
65.5400 40.047 6.328
65.5600 39.962 6.322
65.5800 41.453 6.438
65.6000 43.658 6.607
65.6200 37.624 6.134
65.6400 40.175 6.338
65.6600 39.628 6.295
65.6800 41.119 6.412
65.7000 40.318 6.350
65.7200 41.319 6.428
65.7400 39.157 6.258
65.7600 40.098 6.332
65.7800 38.659 6.218
65.8000 38.671 6.219
65.8200 39.717 6.302
65.8400 39.716 6.302
65.8600 37.655 6.136
65.8800 43.140 6.568
65.9000 39.730 6.303
65.9200 37.233 6.102
65.9400 42.203 6.496
65.9600 38.503 6.205
65.9800 41.017 6.404
66.0000 39.966 6.322
66.0200 40.501 6.364
66.0400 40.342 6.352
66.0600 38.850 6.233
66.0800 40.082 6.331
66.1000 44.066 6.638
66.1200 35.525 5.960
66.1400 40.132 6.335
66.1600 40.870 6.393
66.1800 37.895 6.156
66.2000 37.259 6.104
66.2200 44.318 6.657
66.2400 39.257 6.266
66.2600 44.158 6.645
66.2800 41.072 6.409
66.3000 40.152 6.337
66.3200 40.952 6.399
66.3400 41.270 6.424
66.3600 42.359 6.508
66.3800 40.872 6.393
66.4000 40.289 6.347
66.4200 40.353 6.352
66.4400 42.704 6.535
66.4600 41.634 6.452
66.4800 37.996 6.164
66.5000 38.729 6.223
66.5200 40.661 6.377
66.5400 38.754 6.225
66.5600 39.247 6.265
66.5800 38.088 6.172
66.6000 39.477 6.283
66.6200 40.847 6.391
66.6400 41.990 6.480
66.6600 40.018 6.326
66.6800 44.150 6.645
66.7000 39.847 6.312
66.7200 46.387 6.811
66.7400 42.003 6.481
66.7600 40.993 6.403
66.7800 39.002 6.245
66.8000 34.351 5.861
66.8200 39.690 6.300
66.8400 40.356 6.353
66.8600 43.845 6.622
66.8800 37.241 6.102
66.9000 43.812 6.619
66.9200 39.498 6.285
66.9400 41.448 6.438
66.9600 34.920 5.909
66.9800 40.278 6.346
67.0000 39.313 6.270
67.0200 41.365 6.432
67.0400 40.182 6.339
67.0600 37.716 6.141
67.0800 41.894 6.473
67.1000 41.389 6.433
67.1200 41.194 6.418
67.1400 42.018 6.482
67.1600 42.202 6.496
67.1800 39.956 6.321
67.2000 37.285 6.106
67.2200 37.230 6.102
67.2400 42.700 6.534
67.2600 41.421 6.436
67.2800 40.204 6.341
67.3000 39.131 6.255
67.3200 40.063 6.330
67.3400 40.050 6.328
67.3600 39.326 6.271
67.3800 38.602 6.213
67.4000 44.329 6.658
67.4200 40.457 6.361
67.4400 38.788 6.228
67.4600 37.396 6.115
67.4800 38.549 6.209
67.5000 41.439 6.437
67.5200 41.517 6.443
67.5400 39.563 6.290
67.5600 40.103 6.333
67.5800 39.390 6.276
67.6000 37.784 6.147
67.6200 42.603 6.527
67.6400 40.745 6.383
67.6600 44.953 6.705
67.6800 38.488 6.204
67.7000 39.725 6.303
67.7200 41.766 6.463
67.7400 39.510 6.286
67.7600 37.225 6.101
67.7800 38.102 6.173
67.8000 40.202 6.340
67.8200 40.687 6.379
67.8400 39.811 6.310
67.8600 42.007 6.481
67.8800 41.986 6.480
67.9000 40.646 6.375
67.9200 40.058 6.329
67.9400 39.518 6.286
67.9600 41.209 6.419
67.9800 42.258 6.501
68.0000 41.510 6.443
68.0200 44.829 6.695
68.0400 48.825 6.987
68.0600 56.640 7.526
68.0800 72.071 8.489
68.1000 92.362 9.611
68.1200 105.512 10.272
68.1400 113.180 10.639
68.1600 104.730 10.234
68.1800 92.560 9.621
68.2000 76.719 8.759
68.2200 61.452 7.839
68.2400 48.256 6.947
68.2600 43.560 6.600
68.2800 41.648 6.454
68.3000 38.447 6.201
68.3200 41.056 6.407
68.3400 42.071 6.486
68.3600 39.043 6.248
68.3800 43.946 6.629
68.4000 39.419 6.278
68.4200 39.594 6.292
68.4400 39.523 6.287
68.4600 38.583 6.212
68.4800 40.836 6.390
68.5000 40.040 6.328
68.5200 43.323 6.582
68.5400 41.215 6.420
68.5600 41.075 6.409
68.5800 39.557 6.289
68.6000 37.172 6.097
68.6200 39.821 6.310
68.6400 38.299 6.189
68.6600 41.904 6.473
68.6800 39.939 6.320
68.7000 43.331 6.583
68.7200 41.471 6.440
68.7400 41.671 6.455
68.7600 40.461 6.361
68.7800 40.417 6.357
68.8000 41.307 6.427
68.8200 41.845 6.469
68.8400 38.579 6.211
68.8600 40.985 6.402
68.8800 45.242 6.726
68.9000 39.821 6.310
68.9200 39.489 6.284
68.9400 38.615 6.214
68.9600 37.103 6.091
68.9800 42.378 6.510
69.0000 40.122 6.334
69.0200 40.599 6.372
69.0400 43.690 6.610
69.0600 45.018 6.710
69.0800 38.223 6.182
69.1000 42.109 6.489
69.1200 41.248 6.422
69.1400 40.799 6.387
69.1600 40.960 6.400
69.1800 39.957 6.321
69.2000 43.183 6.571
69.2200 41.233 6.421
69.2400 40.694 6.379
69.2600 42.499 6.519
69.2800 41.798 6.465
69.3000 40.926 6.397
69.3200 40.659 6.376
69.3400 43.517 6.597
69.3600 41.025 6.405
69.3800 39.826 6.311
69.4000 38.291 6.188
69.4200 39.318 6.270
69.4400 37.906 6.157
69.4600 40.221 6.342
69.4800 40.520 6.366
69.5000 35.904 5.992
69.5200 40.042 6.328
69.5400 41.304 6.427
69.5600 40.339 6.351
69.5800 38.096 6.172
69.6000 42.543 6.522
69.6200 38.613 6.214
69.6400 37.549 6.128
69.6600 37.844 6.152
69.6800 39.976 6.323
69.7000 41.971 6.478
69.7200 42.336 6.507
69.7400 40.424 6.358
69.7600 37.617 6.133
69.7800 38.691 6.220
69.8000 38.208 6.181
69.8200 39.647 6.297
69.8400 36.455 6.038
69.8600 40.226 6.342
69.8800 41.293 6.426
69.9000 39.705 6.301
69.9200 40.923 6.397
69.9400 38.125 6.175
69.9600 37.093 6.090
69.9800 38.728 6.223
70.0000 42.316 6.505
70.0200 42.062 6.486
70.0400 39.088 6.252
70.0600 42.409 6.512
70.0800 39.352 6.273
70.1000 43.025 6.559
70.1200 40.967 6.401
70.1400 39.097 6.253
70.1600 41.592 6.449
70.1800 38.452 6.201
70.2000 38.130 6.175
70.2200 37.099 6.091
70.2400 40.517 6.365
70.2600 39.894 6.316
70.2800 39.846 6.312
70.3000 39.180 6.259
70.3200 42.876 6.548
70.3400 39.153 6.257
70.3600 38.553 6.209
70.3800 42.492 6.519
70.4000 42.843 6.545
70.4200 40.678 6.378
70.4400 36.520 6.043
70.4600 38.801 6.229
70.4800 41.226 6.421
70.5000 40.035 6.327
70.5200 43.108 6.566
70.5400 37.266 6.105
70.5600 41.357 6.431
70.5800 38.746 6.225
70.6000 42.646 6.530
70.6200 39.850 6.313
70.6400 42.061 6.485
70.6600 38.705 6.221
70.6800 37.181 6.098
70.7000 37.779 6.146
70.7200 38.787 6.228
70.7400 37.950 6.160
70.7600 42.401 6.512
70.7800 42.678 6.533
70.8000 40.546 6.368
70.8200 37.932 6.159
70.8400 39.763 6.306
70.8600 38.628 6.215
70.8800 42.908 6.550
70.9000 40.632 6.374
70.9200 40.979 6.401
70.9400 39.201 6.261
70.9600 35.977 5.998
70.9800 38.458 6.201
71.0000 37.767 6.145
71.0200 40.741 6.383
71.0400 40.193 6.340
71.0600 38.397 6.197
71.0800 39.223 6.263
71.1000 43.133 6.568
71.1200 38.081 6.171
71.1400 38.164 6.178
71.1600 39.543 6.288
71.1800 38.602 6.213
71.2000 39.143 6.256
71.2200 41.063 6.408
71.2400 43.464 6.593
71.2600 36.441 6.037
71.2800 39.964 6.322
71.3000 40.083 6.331
71.3200 39.832 6.311
71.3400 39.626 6.295
71.3600 39.319 6.271
71.3800 42.008 6.481
71.4000 39.070 6.251
71.4200 39.745 6.304
71.4400 40.000 6.325
71.4600 40.215 6.342
71.4800 39.658 6.297
71.5000 41.998 6.481
71.5200 39.983 6.323
71.5400 40.348 6.352
71.5600 39.897 6.316
71.5800 37.994 6.164
71.6000 38.340 6.192
71.6200 37.900 6.156
71.6400 40.385 6.355
71.6600 38.573 6.211
71.6800 37.877 6.154
71.7000 40.476 6.362
71.7200 41.050 6.407
71.7400 36.478 6.040
71.7600 43.379 6.586
71.7800 40.065 6.330
71.8000 39.790 6.308
71.8200 42.134 6.491
71.8400 40.140 6.336
71.8600 38.792 6.228
71.8800 44.389 6.663
71.9000 37.851 6.152
71.9200 39.805 6.309
71.9400 41.694 6.457
71.9600 37.861 6.153
71.9800 39.796 6.308
72.0000 40.773 6.385
72.0200 44.803 6.694
72.0400 38.214 6.182
72.0600 39.905 6.317
72.0800 41.317 6.428
72.1000 40.162 6.337
72.1200 37.594 6.131
72.1400 40.816 6.389
72.1600 40.215 6.342
72.1800 40.891 6.395
72.2000 42.263 6.501
72.2200 42.026 6.483
72.2400 40.816 6.389
72.2600 40.621 6.373
72.2800 37.803 6.148
72.3000 39.731 6.303
72.3200 40.441 6.359
72.3400 39.198 6.261
72.3600 40.195 6.340
72.3800 38.349 6.193
72.4000 43.069 6.563
72.4200 44.304 6.656
72.4400 39.221 6.263
72.4600 40.801 6.388
72.4800 39.532 6.287
72.5000 42.526 6.521
72.5200 40.870 6.393
72.5400 40.155 6.337
72.5600 39.553 6.289
72.5800 40.252 6.344
72.6000 37.999 6.164
72.6200 41.351 6.430
72.6400 38.572 6.211
72.6600 41.070 6.409
72.6800 40.259 6.345
72.7000 42.190 6.495
72.7200 39.966 6.322
72.7400 42.046 6.484
72.7600 38.155 6.177
72.7800 41.219 6.420
72.8000 39.552 6.289
72.8200 40.388 6.355
72.8400 40.143 6.336
72.8600 41.873 6.471
72.8800 35.961 5.997
72.9000 40.646 6.375
72.9200 37.011 6.084
72.9400 42.414 6.513
72.9600 36.055 6.005
72.9800 37.992 6.164
73.0000 36.652 6.054
73.0200 43.278 6.579
73.0400 37.422 6.117
73.0600 40.228 6.343
73.0800 38.928 6.239
73.1000 36.400 6.033
73.1200 39.325 6.271
73.1400 41.325 6.428
73.1600 39.631 6.295
73.1800 41.882 6.472
73.2000 39.276 6.267
73.2200 40.014 6.326
73.2400 39.230 6.263
73.2600 40.687 6.379
73.2800 43.798 6.618
73.3000 40.724 6.382
73.3200 40.389 6.355
73.3400 38.763 6.226
73.3600 38.489 6.204
73.3800 42.928 6.552
73.4000 37.776 6.146
73.4200 38.174 6.178
73.4400 39.805 6.309
73.4600 39.147 6.257
73.4800 43.912 6.627
73.5000 35.268 5.939
73.5200 40.723 6.381
73.5400 41.425 6.436
73.5600 37.759 6.145
73.5800 38.711 6.222
73.6000 40.865 6.393
73.6200 43.259 6.577
73.6400 38.159 6.177
73.6600 36.842 6.070
73.6800 41.945 6.476
73.7000 43.047 6.561
73.7200 39.330 6.271
73.7400 35.572 5.964
73.7600 42.904 6.550
73.7800 39.603 6.293
73.8000 42.248 6.500
73.8200 39.913 6.318
73.8400 39.249 6.265
73.8600 39.096 6.253
73.8800 42.947 6.553
73.9000 42.869 6.547
73.9200 35.724 5.977
73.9400 38.127 6.175
73.9600 43.554 6.600
73.9800 39.265 6.266
74.0000 37.279 6.106
74.0200 40.009 6.325
74.0400 39.783 6.307
74.0600 39.805 6.309
74.0800 39.041 6.248
74.1000 39.380 6.275
74.1200 39.088 6.252
74.1400 40.668 6.377
74.1600 38.375 6.195
74.1800 39.421 6.279
74.2000 39.712 6.302
74.2200 42.611 6.528
74.2400 40.747 6.383
74.2600 39.781 6.307
74.2800 41.072 6.409
74.3000 40.812 6.388
74.3200 42.176 6.494
74.3400 41.013 6.404
74.3600 43.588 6.602
74.3800 42.689 6.534
74.4000 39.918 6.318
74.4200 39.171 6.259
74.4400 41.765 6.463
74.4600 41.033 6.406
74.4800 39.811 6.310
74.5000 37.046 6.087
74.5200 36.335 6.028
74.5400 40.697 6.379
74.5600 41.542 6.445
74.5800 41.607 6.450
74.6000 37.426 6.118
74.6200 42.075 6.487
74.6400 38.932 6.240
74.6600 40.777 6.386
74.6800 40.833 6.390
74.7000 38.395 6.196
74.7200 38.817 6.230
74.7400 35.854 5.988
74.7600 38.167 6.178
74.7800 36.395 6.033
74.8000 40.875 6.393
74.8200 40.123 6.334
74.8400 41.828 6.467
74.8600 40.713 6.381
74.8800 38.730 6.223
74.9000 40.692 6.379
74.9200 39.219 6.263
74.9400 41.218 6.420
74.9600 40.631 6.374
74.9800 38.023 6.166
